0.0542144 1 8 1 
0.0542145 3 7 1 
0.0542146 4 2 1 
0.0542147 5 3 2 
0.0542148 6 2 2 
0.0542149 8 4 1 
0.054215 9 5 1 
0.0542151 11 6 1 
0.0542151 12 6 2 
0.0542152 15 7 3 
0.0542153 16 5 2 
0.0542154 17 3 3 
0.0542155 18 8 2 
0.0542156 19 8 3 
0.0542157 21 7 4 
0.0592144 2 3 1 
0.0592145 7 2 3 
0.0592146 10 2 4 
0.0592147 13 2 5 
0.0592148 14 7 2 
0.0592149 20 2 6 
0.2445 3 2 7 
0.245268 3 2 7 
0.4405 12 7 5 
0.441268 12 7 5 
0.4953 3 8 4 
0.496018 3 8 4 
0.496018 3 8 4 
0.5033 11 2 8 
0.504018 11 2 8 
0.5225 14 8 5 
0.523268 14 8 5 
0.5319 12 6 3 
0.532518 12 6 3 
0.532518 12 6 3 
0.6617 8 5 3 
0.662268 8 5 3 
0.7353 11 6 4 
0.736018 11 6 4 
0.736018 11 6 4 
0.7909 8 4 2 
0.791518 8 4 2 
0.791518 8 4 2 
0.9609 1 2 9 
0.961518 1 2 9 
0.9673 16 6 5 
0.968018 16 6 5 
1.1197 16 5 4 
1.12027 16 5 4 
1.12027 16 5 4 
1.1577 2 4 3 
1.15827 2 4 3 
1.3225 2 2 10 
1.32327 2 2 10 
1.32327 2 2 10 
1.5785 14 7 6 
1.57927 14 7 6 
1.57927 14 7 6 
1.6009 21 2 11 
1.60152 21 2 11 
1.7207 20 3 4 
1.72127 20 3 4 
1.7577 21 7 7 
1.75827 21 7 7 
1.75827 21 7 7 
2.4057 14 2 12 
2.40627 14 2 12 
2.40627 14 2 12 
2.40627 14 2 12 
2.4713 10 3 5 
2.47202 10 3 5 
2.4849 21 2 13 
2.48552 21 2 13 
2.48552 21 2 13 
2.48552 21 2 13 
2.5993 20 2 14 
2.60002 20 2 14 
2.60002 20 2 14 
2.7593 3 6 6 
2.76002 3 6 6 
2.76002 3 6 6 
2.76002 3 6 6 
2.9263 3 8 6 
2.92702 3 8 6 
2.92702 3 8 6 
2.92702 3 8 6 
2.92702 3 8 6 
3.0541 20 3 6 
3.05477 20 3 6 
3.05477 20 3 6 
3.05477 20 3 6 
3.1097 10 2 15 
3.11027 10 2 15 
3.11027 10 2 15 
3.3593 4 4 4 
3.36002 4 4 4 
