timestamp,ueImsiComplete,numActiveUes,RRC.ConnMean,DRB.EstabSucc.5QI.UEID (numDrb),DRB.RelActNbr.5QI.UEID (0),L3 serving Id(m_cellId),UE (imsi),L3 serving SINR,L3 serving SINR 3gpp,L3 neigh Id 1 (cellId),L3 neigh SINR 1,L3 neigh SINR 3gpp 1 (convertedSinr),L3 neigh Id 2 (cellId),L3 neigh SINR 2,L3 neigh SINR 3gpp 2 (convertedSinr),L3 neigh Id 3 (cellId),L3 neigh SINR 3,L3 neigh SINR 3gpp 3 (convertedSinr),L3 neigh Id 4 (cellId),L3 neigh SINR 4,L3 neigh SINR 3gpp 4 (convertedSinr),L3 neigh Id 5 (cellId),L3 neigh SINR 5,L3 neigh SINR 3gpp 5 (convertedSinr),L3 neigh Id 6 (cellId),L3 neigh SINR 6,L3 neigh SINR 3gpp 6 (convertedSinr),L3 neigh Id 7 (cellId),L3 neigh SINR 7,L3 neigh SINR 3gpp 7 (convertedSinr),L3 neigh Id 8 (cellId),L3 neigh SINR 8,L3 neigh SINR 3gpp 8 (convertedSinr)
1771730914331,00004,6,3,0,0,2,4,18.780109,84.000000,8,3.783935,54.000000,5,0.488431,47.000000,6,-1.704618,43.000000,4,-2.455004,41.000000,3,-17.368715,11.000000,7,-19.005049,8.000000,,,,,,
1771730914331,00006,6,3,0,0,2,6,23.115063,93.000000,8,13.433610,73.000000,3,10.796153,68.000000,5,9.618340,66.000000,6,5.961030,58.000000,4,5.606606,58.000000,7,1.334817,49.000000,,,,,,
1771730914331,00007,6,3,0,0,2,7,19.146309,85.000000,4,10.704056,68.000000,3,-1.737804,43.000000,7,-2.723092,41.000000,8,-8.360822,30.000000,5,-11.945783,22.000000,6,-17.223458,12.000000,,,,,,
1771730914331,00010,6,3,0,0,2,10,15.712922,78.000000,7,12.021157,71.000000,6,0.540266,47.000000,3,0.272838,47.000000,8,-1.206531,44.000000,5,-10.075534,26.000000,4,-12.222192,22.000000,,,,,,
1771730914331,00013,6,3,0,0,2,13,86.453544,127.000000,7,5.428501,57.000000,4,5.125149,57.000000,6,0.993979,48.000000,5,-5.049245,36.000000,3,-7.087027,32.000000,8,-11.603525,23.000000,,,,,,
1771730914331,00020,6,3,0,0,2,20,10.055970,67.000000,8,9.878044,66.000000,3,6.491679,59.000000,6,-2.393114,42.000000,7,-5.878495,35.000000,5,-16.338192,13.000000,4,-20.529057,5.000000,,,,,,
1771730914431,00004,6,6,0,0,2,4,19.504259,86.000000,8,3.627475,54.000000,4,0.542730,47.000000,6,-2.138102,42.000000,5,-8.987127,28.000000,7,-14.244353,18.000000,3,-15.862452,14.000000,,,,,,
1771730914431,00006,6,6,0,0,2,6,44.899963,127.000000,8,17.151048,81.000000,3,13.542609,74.000000,5,8.046859,63.000000,4,6.772139,60.000000,7,3.144551,53.000000,6,1.868759,50.000000,,,,,,
1771730914431,00007,6,6,0,0,2,7,19.497983,86.000000,4,11.088091,69.000000,3,-1.370822,44.000000,8,-4.251450,38.000000,7,-6.921793,32.000000,5,-12.912755,20.000000,6,-21.094312,4.000000,,,,,,
1771730914431,00010,6,6,0,0,2,10,16.796747,80.000000,7,4.112262,55.000000,8,3.529454,53.000000,6,0.283544,47.000000,3,-1.467328,43.000000,5,-7.352760,32.000000,4,-14.136215,18.000000,,,,,,
1771730914431,00013,6,6,0,0,2,13,90.457729,127.000000,7,8.509274,64.000000,4,6.348933,59.000000,6,1.253514,49.000000,5,-3.973015,38.000000,3,-6.721193,33.000000,8,-9.039046,28.000000,,,,,,
1771730914431,00020,6,6,0,0,2,20,13.361985,73.000000,3,6.124582,59.000000,8,5.922634,58.000000,6,-1.278012,44.000000,7,-8.202717,30.000000,5,-15.614966,15.000000,4,-18.078351,10.000000,,,,,,
1771730914531,00004,7,6,0,0,2,4,18.967801,85.000000,8,5.557919,58.000000,6,1.706107,50.000000,4,-3.284576,40.000000,5,-7.426479,31.000000,3,-14.782398,17.000000,7,-16.841096,12.000000,,,,,,
1771730914531,00006,7,6,0,0,2,6,54.461482,127.000000,8,17.139547,81.000000,3,10.921525,68.000000,4,9.048716,65.000000,7,3.525761,53.000000,5,3.212833,53.000000,6,-0.483866,45.000000,,,,,,
1771730914531,00007,7,6,0,0,2,7,17.583404,82.000000,4,10.027165,67.000000,3,1.794191,50.000000,8,-3.164527,40.000000,7,-6.590819,33.000000,5,-6.623593,33.000000,6,-21.441596,3.000000,,,,,,
1771730914531,00010,7,6,0,0,2,10,8.794343,64.000000,8,4.610420,56.000000,7,2.394421,51.000000,6,1.315894,49.000000,3,-2.215718,42.000000,5,-5.599219,35.000000,4,-9.195482,28.000000,,,,,,
1771730914531,00013,7,6,0,0,2,13,89.438113,127.000000,7,5.400598,57.000000,4,5.340042,57.000000,5,-1.663668,43.000000,6,-1.690341,43.000000,3,-5.569266,35.000000,8,-9.202989,28.000000,,,,,,
1771730914531,00020,7,6,0,0,2,20,9.764385,66.000000,8,8.587062,64.000000,3,5.417654,57.000000,6,-5.977739,34.000000,7,-7.347063,32.000000,5,-14.463126,17.000000,4,-16.226915,14.000000,,,,,,
1771730914531,00003,7,6,0,0,2,3,12.504021,72.000000,8,10.334503,67.000000,6,9.707446,66.000000,7,6.804470,60.000000,5,-6.127080,34.000000,4,-7.176024,32.000000,3,-14.227165,18.000000,,,,,,
1771730914631,00004,7,7,0,0,2,4,15.529353,78.000000,6,8.298039,63.000000,8,0.190527,47.000000,5,-6.113727,34.000000,4,-7.738466,31.000000,3,-14.121628,18.000000,7,-15.407900,15.000000,,,,,,
1771730914631,00006,7,7,0,0,2,6,52.629927,127.000000,8,16.366804,79.000000,3,12.608294,72.000000,4,9.087929,65.000000,5,2.731904,52.000000,7,1.901688,50.000000,6,-3.185289,40.000000,,,,,,
1771730914631,00007,7,7,0,0,2,7,16.884739,80.000000,4,9.690693,66.000000,3,1.897899,50.000000,7,-1.019384,44.000000,8,-5.606328,35.000000,5,-9.432565,27.000000,6,-16.034479,14.000000,,,,,,
1771730914631,00010,7,7,0,0,2,10,6.995827,60.000000,8,7.218978,61.000000,7,5.697447,58.000000,3,0.046761,46.000000,6,-2.218594,42.000000,5,-9.135376,28.000000,4,-15.560740,15.000000,,,,,,
1771730914631,00013,7,7,0,0,2,13,89.721673,127.000000,4,6.801076,60.000000,7,0.377321,47.000000,6,-0.728861,45.000000,3,-3.224895,40.000000,5,-4.644920,37.000000,8,-10.303631,26.000000,,,,,,
1771730914631,00020,7,7,0,0,2,20,13.036104,73.000000,3,4.442367,55.000000,8,3.152867,53.000000,6,-4.084390,38.000000,7,-7.531385,31.000000,5,-11.642315,23.000000,4,-16.627309,13.000000,,,,,,
1771730914631,00003,7,7,0,0,2,3,10.161580,67.000000,8,12.195421,71.000000,6,8.098503,63.000000,7,6.667224,60.000000,5,-7.149412,32.000000,3,-9.200442,28.000000,4,-9.578969,27.000000,,,,,,
1771730914731,00004,6,6,0,0,2,4,13.138880,73.000000,6,7.610698,62.000000,8,4.825292,56.000000,5,-4.047085,38.000000,4,-5.529845,35.000000,3,-15.271388,16.000000,7,-16.159169,14.000000,,,,,,
1771730914731,00006,6,6,0,0,2,6,54.968563,127.000000,8,16.522402,80.000000,3,14.122495,75.000000,4,6.976781,60.000000,7,2.750337,52.000000,5,1.640265,50.000000,6,0.705413,48.000000,,,,,,
1771730914731,00007,6,6,0,0,2,7,19.082188,85.000000,4,11.431101,69.000000,3,1.266864,49.000000,7,-4.095914,38.000000,8,-5.622201,35.000000,5,-10.247394,26.000000,6,-15.064121,16.000000,,,,,,
1771730914731,00010,6,6,0,0,2,10,11.408376,69.000000,7,9.697573,66.000000,8,7.033432,61.000000,6,1.298551,49.000000,3,-0.111573,46.000000,5,-8.366378,29.000000,4,-12.483995,21.000000,,,,,,
1771730914731,00013,6,6,0,0,2,13,90.928690,127.000000,4,4.699820,56.000000,7,3.123353,53.000000,3,-1.268163,44.000000,6,-4.215636,38.000000,5,-5.997435,34.000000,8,-10.021362,26.000000,,,,,,
1771730914731,00020,6,6,0,0,2,20,10.947430,68.000000,3,8.435565,63.000000,8,3.006305,52.000000,7,-11.016393,24.000000,6,-11.333894,24.000000,5,-13.766168,19.000000,4,-14.125192,18.000000,,,,,,
1771730914831,00004,7,7,0,0,2,4,16.746189,80.000000,8,4.527610,55.000000,6,4.455508,55.000000,5,-2.493610,41.000000,4,-5.648329,35.000000,7,-9.635190,27.000000,3,-16.385355,13.000000,,,,,,
1771730914831,00006,7,7,0,0,2,6,49.810566,127.000000,8,18.380363,83.000000,3,13.196681,73.000000,4,7.204827,61.000000,6,2.051963,51.000000,7,1.809436,50.000000,5,-0.454140,45.000000,,,,,,
1771730914831,00007,7,7,0,0,2,7,20.681409,88.000000,4,6.415378,59.000000,3,-1.545579,43.000000,7,-6.718725,33.000000,8,-6.737855,33.000000,5,-7.825035,31.000000,6,-13.930906,18.000000,,,,,,
1771730914831,00010,7,7,0,0,2,10,8.985048,64.000000,7,6.271204,59.000000,8,5.444192,57.000000,3,-0.290012,46.000000,6,-3.813775,39.000000,5,-6.818783,33.000000,4,-14.790558,17.000000,,,,,,
1771730914831,00013,7,7,0,0,2,13,93.667200,127.000000,4,3.167048,53.000000,7,-4.779257,37.000000,3,-5.436163,35.000000,5,-7.087707,32.000000,6,-9.855389,26.000000,8,-10.083490,26.000000,,,,,,
1771730914831,00020,7,7,0,0,2,20,11.207867,69.000000,3,7.170674,61.000000,8,6.178356,59.000000,6,-9.058863,28.000000,4,-11.626277,23.000000,7,-12.118407,22.000000,5,-12.130852,22.000000,,,,,,
1771730914831,00011,7,7,0,0,2,11,11.698234,70.000000,6,14.803532,76.000000,5,2.404720,51.000000,8,-0.311473,46.000000,3,-2.404128,42.000000,7,-3.456664,39.000000,4,-11.037717,24.000000,,,,,,
1771730914931,00004,7,7,0,0,2,4,8.934873,64.000000,8,3.739361,54.000000,6,1.534992,49.000000,5,-3.394813,40.000000,4,-7.337307,32.000000,7,-8.937236,28.000000,3,-15.775504,15.000000,,,,,,
1771730914931,00006,7,7,0,0,2,6,46.141094,127.000000,8,18.154700,83.000000,4,9.461579,65.000000,3,8.824077,64.000000,7,3.487707,53.000000,6,1.882730,50.000000,5,0.372501,47.000000,,,,,,
1771730914931,00007,7,7,0,0,2,7,15.442493,77.000000,4,6.351966,59.000000,3,0.214668,47.000000,7,-5.517651,35.000000,8,-6.175841,34.000000,5,-9.502528,27.000000,6,-14.931156,16.000000,,,,,,
1771730914931,00010,7,7,0,0,2,10,19.661404,86.000000,8,6.098069,59.000000,7,2.380000,51.000000,6,1.975684,50.000000,3,-3.063490,40.000000,5,-8.164818,30.000000,4,-11.755508,23.000000,,,,,,
1771730914931,00013,7,7,0,0,2,13,93.854089,127.000000,4,6.396144,59.000000,7,-3.044619,40.000000,5,-3.386106,40.000000,3,-3.649872,39.000000,6,-6.925857,32.000000,8,-9.412895,27.000000,,,,,,
1771730914931,00020,7,7,0,0,2,20,12.361766,71.000000,3,7.210798,61.000000,8,5.516624,57.000000,6,-6.405992,33.000000,7,-7.365821,32.000000,5,-12.282328,22.000000,4,-13.907760,18.000000,,,,,,
1771730914931,00011,7,7,0,0,2,11,10.399192,67.000000,6,15.443790,77.000000,8,0.789082,48.000000,7,0.566248,48.000000,5,-0.280159,46.000000,3,-1.935601,42.000000,4,-15.402786,15.000000,,,,,,
1771730915031,00004,6,6,0,0,2,4,13.538549,74.000000,6,5.841073,58.000000,8,-0.901627,45.000000,4,-3.326390,40.000000,5,-3.899190,39.000000,7,-12.311357,22.000000,3,-19.721446,7.000000,,,,,,
1771730915031,00006,6,6,0,0,2,6,33.858136,115.000000,8,18.399548,83.000000,3,11.423998,69.000000,4,5.326059,57.000000,5,3.195861,53.000000,7,2.939928,52.000000,6,0.805431,48.000000,,,,,,
1771730915031,00007,6,6,0,0,2,7,18.535313,84.000000,4,6.941417,60.000000,3,2.878391,52.000000,8,-4.166740,38.000000,7,-5.645222,35.000000,5,-10.698225,25.000000,6,-14.070846,18.000000,,,,,,
1771730915031,00010,6,6,0,0,2,10,22.201964,91.000000,8,2.846073,52.000000,6,2.261345,51.000000,7,-0.138404,46.000000,3,-0.736802,45.000000,5,-6.706121,33.000000,4,-21.131072,4.000000,,,,,,
1771730915031,00013,6,6,0,0,2,13,93.980667,127.000000,4,2.836770,52.000000,7,-0.187354,46.000000,3,-4.732495,37.000000,5,-7.643782,31.000000,8,-9.468809,27.000000,6,-10.718075,25.000000,,,,,,
1771730915031,00020,6,6,0,0,2,20,10.744417,68.000000,8,6.214929,59.000000,3,5.123717,57.000000,6,-1.812024,43.000000,7,-10.200330,26.000000,4,-12.919632,20.000000,5,-13.194882,20.000000,,,,,,
1771730915131,00004,6,6,0,0,2,4,18.048762,83.000000,6,1.780030,50.000000,8,-3.107456,40.000000,5,-3.627304,39.000000,7,-7.459462,31.000000,4,-7.534781,31.000000,3,-15.667426,15.000000,,,,,,
1771730915131,00006,6,6,0,0,2,6,33.141335,113.000000,8,16.619046,80.000000,3,10.709293,68.000000,4,6.560660,60.000000,7,4.062650,55.000000,5,3.260754,53.000000,6,0.362621,47.000000,,,,,,
1771730915131,00007,6,6,0,0,2,7,16.904269,80.000000,4,6.670158,60.000000,5,2.802717,52.000000,3,0.478993,47.000000,8,-3.906058,38.000000,7,-7.955947,30.000000,6,-15.792551,15.000000,,,,,,
1771730915131,00010,6,6,0,0,2,10,20.640518,88.000000,8,6.755669,60.000000,7,5.663801,58.000000,3,4.250003,55.000000,6,2.425294,51.000000,5,-7.786982,31.000000,4,-15.543119,15.000000,,,,,,
1771730915131,00013,6,6,0,0,2,13,94.296019,127.000000,4,4.064328,55.000000,3,-2.684895,41.000000,7,-5.890127,34.000000,8,-7.351367,32.000000,5,-8.294457,30.000000,6,-8.538743,29.000000,,,,,,
1771730915131,00020,6,6,0,0,2,20,11.121862,69.000000,3,3.633034,54.000000,8,1.846877,50.000000,6,-3.711017,39.000000,4,-13.471074,19.000000,5,-13.908121,18.000000,7,-15.022903,16.000000,,,,,,
1771730915231,00004,7,6,0,0,2,4,12.802916,72.000000,6,5.204975,57.000000,8,3.717453,54.000000,4,-6.561254,33.000000,5,-9.935714,26.000000,7,-12.786150,21.000000,3,-13.986907,18.000000,,,,,,
1771730915231,00006,7,6,0,0,2,6,34.282635,115.000000,8,17.626689,82.000000,3,8.415555,63.000000,4,6.397511,59.000000,7,4.626935,56.000000,6,1.966706,50.000000,5,-1.562631,43.000000,,,,,,
1771730915231,00007,7,6,0,0,2,7,16.852821,80.000000,4,7.198818,61.000000,3,-1.672372,43.000000,8,-2.323207,42.000000,7,-3.028506,40.000000,6,-12.850075,20.000000,5,-14.417788,17.000000,,,,,,
1771730915231,00010,7,6,0,0,2,10,21.853618,90.000000,8,11.442746,69.000000,7,6.973497,60.000000,3,1.787749,50.000000,6,0.353623,47.000000,5,-8.461415,29.000000,4,-18.897450,8.000000,,,,,,
1771730915231,00013,7,6,0,0,2,13,95.847586,127.000000,4,3.593649,54.000000,3,2.534687,51.000000,7,0.075140,47.000000,5,-4.525753,37.000000,8,-6.412686,33.000000,6,-10.769184,25.000000,,,,,,
1771730915231,00020,7,6,0,0,2,20,12.273529,71.000000,8,5.255596,57.000000,3,4.710365,56.000000,6,-1.474306,43.000000,4,-10.004147,26.000000,5,-10.079893,26.000000,7,-11.889468,22.000000,,,,,,
1771730915231,00001,7,6,0,0,2,1,19.051796,85.000000,8,15.046819,77.000000,7,11.317519,69.000000,6,-1.271119,44.000000,4,-4.935663,36.000000,5,-9.453095,27.000000,3,-16.330080,13.000000,,,,,,
1771730915331,00004,7,7,0,0,2,4,21.650176,90.000000,8,2.274733,51.000000,6,0.453052,47.000000,5,-3.638162,39.000000,4,-8.028361,30.000000,7,-8.191456,30.000000,3,-14.566622,17.000000,,,,,,
1771730915331,00006,7,7,0,0,2,6,35.132250,117.000000,8,17.044944,81.000000,3,10.627775,68.000000,4,5.016397,56.000000,7,2.485947,51.000000,6,-0.224496,46.000000,5,-3.299764,40.000000,,,,,,
1771730915331,00007,7,7,0,0,2,7,12.468906,72.000000,4,6.407996,59.000000,8,-1.464799,43.000000,7,-2.632642,41.000000,3,-2.839933,41.000000,6,-11.757759,23.000000,5,-12.210141,22.000000,,,,,,
1771730915331,00010,7,7,0,0,2,10,24.259337,95.000000,8,10.798772,68.000000,7,4.509800,55.000000,3,-1.575888,43.000000,6,-2.942558,40.000000,5,-8.362178,30.000000,4,-19.399153,7.000000,,,,,,
1771730915331,00013,7,7,0,0,2,13,95.264310,127.000000,3,2.699270,52.000000,7,2.184496,51.000000,4,1.905249,50.000000,8,-5.584548,35.000000,5,-6.199587,34.000000,6,-6.896215,32.000000,,,,,,
1771730915331,00020,7,7,0,0,2,20,9.432861,65.000000,3,5.378312,57.000000,8,0.821537,48.000000,6,-1.919346,42.000000,4,-10.863412,24.000000,5,-10.945005,24.000000,7,-16.063451,14.000000,,,,,,
1771730915331,00001,7,7,0,0,2,1,20.088614,87.000000,8,12.423718,71.000000,7,11.091663,69.000000,6,-0.175157,46.000000,4,-7.245841,32.000000,5,-12.574941,21.000000,3,-21.784445,2.000000,,,,,,
1771730915431,00004,7,7,0,0,2,4,20.692409,88.000000,6,2.778259,52.000000,8,2.215333,51.000000,4,-6.681008,33.000000,5,-9.465503,27.000000,3,-12.010044,22.000000,7,-13.732889,19.000000,,,,,,
1771730915431,00006,7,7,0,0,2,6,36.565328,120.000000,8,20.413113,88.000000,3,9.849031,66.000000,4,1.112024,49.000000,6,0.906725,48.000000,5,-0.438096,45.000000,7,-0.761479,45.000000,,,,,,
1771730915431,00007,7,7,0,0,2,7,8.060277,63.000000,4,8.426507,63.000000,3,2.398547,51.000000,8,-5.122108,36.000000,7,-5.863139,35.000000,5,-11.229352,24.000000,6,-12.791100,21.000000,,,,,,
1771730915431,00010,7,7,0,0,2,10,19.083111,85.000000,8,10.543713,68.000000,7,5.447663,57.000000,3,-0.220510,46.000000,6,-2.795604,41.000000,5,-3.059483,40.000000,4,-17.959499,10.000000,,,,,,
1771730915431,00013,7,7,0,0,2,13,97.922398,127.000000,4,2.765107,52.000000,3,-0.636363,45.000000,7,-2.060590,42.000000,5,-6.524087,33.000000,8,-7.560936,31.000000,6,-9.865067,26.000000,,,,,,
1771730915431,00020,7,7,0,0,2,20,12.363015,71.000000,3,6.633983,60.000000,6,0.288135,47.000000,8,-2.363681,42.000000,5,-8.290442,30.000000,4,-15.575674,15.000000,7,-17.632669,11.000000,,,,,,
1771730915431,00001,7,7,0,0,2,1,18.136448,83.000000,8,13.620113,74.000000,7,9.512118,66.000000,6,-0.294415,46.000000,5,-12.370281,21.000000,4,-12.828282,21.000000,3,-24.299070,0.000000,,,,,,
1771730915531,00004,7,7,0,0,2,4,21.201728,89.000000,6,5.805182,58.000000,8,-0.049562,46.000000,4,-4.573178,37.000000,5,-6.317452,34.000000,7,-10.732341,25.000000,3,-12.809059,21.000000,,,,,,
1771730915531,00006,7,7,0,0,2,6,33.870326,115.000000,8,21.135441,89.000000,3,10.249666,67.000000,4,5.879823,58.000000,5,3.494387,53.000000,7,2.973758,52.000000,6,0.360695,47.000000,,,,,,
1771730915531,00007,7,7,0,0,2,7,11.614267,70.000000,4,5.897393,58.000000,3,-1.231537,44.000000,7,-2.960733,40.000000,8,-4.165896,38.000000,5,-11.003925,24.000000,6,-15.146740,16.000000,,,,,,
1771730915531,00010,7,7,0,0,2,10,21.529465,90.000000,7,7.930049,62.000000,8,7.685567,62.000000,3,0.117029,47.000000,6,-5.344196,36.000000,5,-10.110588,26.000000,4,-18.698494,9.000000,,,,,,
1771730915531,00013,7,7,0,0,2,13,97.666624,127.000000,7,7.336606,61.000000,4,1.987419,50.000000,3,-4.795949,37.000000,8,-6.673888,33.000000,5,-6.860975,33.000000,6,-9.548228,27.000000,,,,,,
1771730915531,00020,7,7,0,0,2,20,8.032606,63.000000,3,4.736266,56.000000,8,-5.181196,36.000000,5,-8.738922,29.000000,6,-10.380653,25.000000,4,-11.016818,24.000000,7,-16.144747,14.000000,,,,,,
1771730915531,00001,7,7,0,0,2,1,17.739611,82.000000,8,16.075286,79.000000,7,10.202385,67.000000,6,-4.750811,37.000000,4,-10.512869,25.000000,5,-17.423102,11.000000,3,-21.013264,4.000000,,,,,,
1771730915631,00004,8,7,0,0,2,4,23.097363,93.000000,6,7.349626,61.000000,8,0.772439,48.000000,4,-4.622273,37.000000,7,-9.765343,27.000000,5,-10.076627,26.000000,3,-13.885634,18.000000,,,,,,
1771730915631,00006,8,7,0,0,2,6,35.233283,117.000000,8,18.277325,83.000000,3,10.941761,68.000000,4,7.754641,62.000000,6,-0.082438,46.000000,7,-2.572425,41.000000,5,-4.759340,37.000000,,,,,,
1771730915631,00007,8,7,0,0,2,7,11.335059,69.000000,4,10.097566,67.000000,3,1.995790,50.000000,7,-3.219314,40.000000,8,-4.170365,38.000000,5,-4.518276,37.000000,6,-15.065517,16.000000,,,,,,
1771730915631,00010,8,7,0,0,2,10,21.510514,90.000000,3,5.993873,58.000000,7,5.824347,58.000000,8,5.134848,57.000000,6,-6.531825,33.000000,5,-9.297464,28.000000,4,-18.334698,9.000000,,,,,,
1771730915631,00013,8,7,0,0,2,13,97.924742,127.000000,7,1.686916,50.000000,4,0.017745,46.000000,5,-1.578543,43.000000,8,-2.813565,41.000000,3,-4.994445,36.000000,6,-7.110498,32.000000,,,,,,
1771730915631,00020,8,7,0,0,2,20,8.101867,63.000000,3,7.394401,61.000000,8,2.342990,51.000000,6,-3.123027,40.000000,5,-4.671208,37.000000,4,-12.467252,21.000000,7,-20.375011,5.000000,,,,,,
1771730915631,00001,8,7,0,0,2,1,20.204161,87.000000,8,19.808560,86.000000,7,12.294000,71.000000,4,-4.145778,38.000000,6,-10.722670,25.000000,5,-15.568221,15.000000,3,-19.952458,6.000000,,,,,,
1771730915631,00002,8,7,0,0,2,2,10.156476,67.000000,4,7.587810,62.000000,3,5.439103,57.000000,5,-6.422993,33.000000,6,-11.034413,24.000000,8,-20.100258,6.000000,7,-26.497334,0.000000,,,,,,
1771730915731,00004,8,8,0,0,2,4,22.350671,91.000000,6,1.529047,49.000000,8,0.051094,46.000000,4,-1.963000,42.000000,5,-6.201479,34.000000,3,-14.849544,16.000000,7,-16.088455,14.000000,,,,,,
1771730915731,00006,8,8,0,0,2,6,38.675565,124.000000,8,17.849588,82.000000,3,13.310672,73.000000,4,6.330838,59.000000,6,3.067930,53.000000,7,-2.791072,41.000000,5,-5.183887,36.000000,,,,,,
1771730915731,00007,8,8,0,0,2,7,10.285380,67.000000,4,9.390884,65.000000,7,1.415392,49.000000,3,0.213970,47.000000,8,-1.059684,44.000000,5,-6.478579,33.000000,6,-13.738604,19.000000,,,,,,
1771730915731,00010,8,8,0,0,2,10,22.684534,92.000000,8,13.514754,74.000000,3,5.433301,57.000000,7,-0.288592,46.000000,6,-2.971063,40.000000,5,-9.923291,26.000000,4,-19.094118,8.000000,,,,,,
1771730915731,00013,8,8,0,0,2,13,99.617572,127.000000,7,0.747254,48.000000,3,-1.835441,43.000000,5,-3.843915,39.000000,4,-4.049275,38.000000,8,-4.058079,38.000000,6,-6.886274,32.000000,,,,,,
1771730915731,00020,8,8,0,0,2,20,9.728124,66.000000,3,6.601570,60.000000,8,1.761605,50.000000,6,-5.669399,35.000000,5,-6.999616,32.000000,4,-13.749068,19.000000,7,-18.609286,9.000000,,,,,,
1771730915731,00001,8,8,0,0,2,1,19.210794,85.000000,8,17.894551,82.000000,7,16.880989,80.000000,6,-4.636307,37.000000,4,-7.775137,31.000000,5,-14.623646,17.000000,3,-21.326516,3.000000,,,,,,
1771730915731,00002,8,8,0,0,2,2,10.764792,68.000000,3,11.143667,69.000000,4,7.465171,61.000000,5,-3.141316,40.000000,6,-8.198804,30.000000,8,-18.450847,9.000000,7,-25.816987,0.000000,,,,,,
1771730915831,00004,9,8,0,0,2,4,22.555252,92.000000,6,7.886703,62.000000,8,-0.781622,45.000000,4,-5.567813,35.000000,5,-10.371049,25.000000,7,-13.782262,19.000000,3,-15.091356,16.000000,,,,,,
1771730915831,00006,9,8,0,0,2,6,36.542917,120.000000,8,15.084107,77.000000,3,10.907679,68.000000,6,7.400395,61.000000,4,4.129287,55.000000,7,-4.098174,38.000000,5,-7.157746,32.000000,,,,,,
1771730915831,00007,9,8,0,0,2,7,22.901263,93.000000,4,6.425912,59.000000,3,2.841632,52.000000,7,-1.706643,43.000000,8,-2.987332,40.000000,5,-7.328691,32.000000,6,-12.730351,21.000000,,,,,,
1771730915831,00010,9,8,0,0,2,10,16.387386,79.000000,8,9.856978,66.000000,3,6.020678,59.000000,7,0.803583,48.000000,5,-5.369138,36.000000,6,-6.902571,32.000000,4,-16.924688,12.000000,,,,,,
1771730915831,00013,9,8,0,0,2,13,100.016390,127.000000,7,7.560229,62.000000,8,0.679803,48.000000,4,-0.598780,45.000000,3,-1.887444,43.000000,5,-1.928681,42.000000,6,-4.248481,38.000000,,,,,,
1771730915831,00020,9,8,0,0,2,20,6.027672,59.000000,3,8.635612,64.000000,4,2.222836,51.000000,8,-0.267751,46.000000,6,-4.713681,37.000000,5,-7.922301,30.000000,7,-16.512994,13.000000,,,,,,
1771730915831,00001,9,8,0,0,2,1,17.296784,81.000000,8,19.464179,86.000000,7,17.087927,81.000000,4,-8.120890,30.000000,6,-9.247634,28.000000,5,-16.137545,14.000000,3,-20.850549,4.000000,,,,,,
1771730915831,00002,9,8,0,0,2,2,9.655131,66.000000,4,11.802117,70.000000,3,1.128378,49.000000,5,-2.200664,42.000000,6,-8.884692,28.000000,8,-20.397557,5.000000,7,-25.089381,0.000000,,,,,,
1771730915831,00021,9,8,0,0,2,21,-inf,0.000000,,,,,,,,,,,,,,,,,,,,,,,,
1771730915931,00004,9,9,0,0,2,4,23.454425,94.000000,6,4.976848,56.000000,8,3.068058,53.000000,5,-3.369466,40.000000,4,-7.998685,30.000000,3,-15.364237,15.000000,7,-17.563140,11.000000,,,,,,
1771730915931,00006,9,9,0,0,2,6,35.663603,118.000000,8,16.029409,79.000000,3,12.051585,71.000000,6,7.035421,61.000000,4,3.361031,53.000000,7,-5.465210,35.000000,5,-7.487395,31.000000,,,,,,
1771730915931,00007,9,9,0,0,2,7,9.641727,66.000000,4,11.023882,69.000000,3,-0.048921,46.000000,7,-0.157753,46.000000,5,-2.723112,41.000000,8,-3.314075,40.000000,6,-13.646310,19.000000,,,,,,
1771730915931,00010,9,9,0,0,2,10,14.956557,77.000000,8,7.879234,62.000000,7,5.147317,57.000000,3,-1.420625,44.000000,5,-4.506907,37.000000,6,-5.604508,35.000000,4,-19.800273,6.000000,,,,,,
1771730915931,00013,9,9,0,0,2,13,104.317714,127.000000,7,8.824561,64.000000,4,0.721350,48.000000,8,-1.195508,44.000000,5,-2.595683,41.000000,3,-3.866929,39.000000,6,-7.961435,30.000000,,,,,,
1771730915931,00020,9,9,0,0,2,20,5.010695,56.000000,3,13.175183,73.000000,4,3.884617,54.000000,8,0.892428,48.000000,6,-2.034564,42.000000,5,-8.532142,29.000000,7,-21.925491,2.000000,,,,,,
1771730915931,00001,9,9,0,0,2,1,16.358985,79.000000,7,15.036723,77.000000,8,12.894114,72.000000,6,-6.582414,33.000000,5,-10.091704,26.000000,4,-12.048304,22.000000,3,-20.647453,5.000000,,,,,,
1771730915931,00002,9,9,0,0,2,2,11.820580,70.000000,4,7.621604,62.000000,3,6.429567,59.000000,5,-5.645485,35.000000,6,-11.981077,22.000000,8,-17.786536,11.000000,7,-31.159715,0.000000,,,,,,
1771730915931,00021,9,9,0,0,2,21,12.335959,71.000000,7,14.869616,76.000000,3,11.012843,69.000000,8,9.482436,65.000000,4,-2.715163,41.000000,5,-12.931525,20.000000,6,-19.667101,7.000000,,,,,,
1771730916031,00004,7,7,0,0,2,4,22.070830,91.000000,8,5.522731,57.000000,6,-0.468016,45.000000,5,-2.076935,42.000000,4,-7.738511,31.000000,7,-12.491616,21.000000,3,-14.849027,16.000000,,,,,,
1771730916031,00006,7,7,0,0,2,6,37.133702,121.000000,3,11.927021,70.000000,8,10.957129,68.000000,6,4.207520,55.000000,4,-4.393889,38.000000,7,-7.358948,32.000000,5,-9.460617,27.000000,,,,,,
1771730916031,00007,7,7,0,0,2,7,6.229108,59.000000,3,4.198049,55.000000,4,4.138637,55.000000,7,1.589290,50.000000,5,-0.269275,46.000000,8,-6.117160,34.000000,6,-12.702426,21.000000,,,,,,
1771730916031,00010,7,7,0,0,2,10,22.544378,92.000000,8,8.279382,63.000000,3,3.621370,54.000000,7,2.668524,52.000000,5,-5.856348,35.000000,6,-7.862808,31.000000,4,-22.682783,1.000000,,,,,,
1771730916031,00013,7,7,0,0,2,13,104.353474,127.000000,8,6.841103,60.000000,7,4.552544,56.000000,5,2.040287,50.000000,4,-0.011087,46.000000,3,-3.766343,39.000000,6,-4.682625,37.000000,,,,,,
1771730916031,00001,7,7,0,0,2,1,16.892200,80.000000,7,12.108740,71.000000,8,11.966307,70.000000,6,-6.673562,33.000000,4,-8.229702,30.000000,5,-9.319473,28.000000,3,-19.493614,7.000000,,,,,,
1771730916031,00002,7,7,0,0,2,2,11.434005,69.000000,4,8.878456,64.000000,3,5.069313,57.000000,5,-8.162539,30.000000,6,-11.063544,24.000000,8,-14.388390,17.000000,7,-27.496088,0.000000,,,,,,
1771730916131,00004,7,7,0,0,2,4,24.225663,95.000000,8,7.159142,61.000000,6,0.650111,48.000000,5,-2.193365,42.000000,4,-7.695583,31.000000,3,-9.851145,27.000000,7,-17.422313,11.000000,,,,,,
1771730916131,00006,7,7,0,0,2,6,36.822745,121.000000,3,12.018704,71.000000,8,11.221662,69.000000,6,5.074841,57.000000,5,-4.960315,36.000000,4,-5.913231,34.000000,7,-8.886901,28.000000,,,,,,
1771730916131,00007,7,7,0,0,2,7,16.453144,80.000000,3,3.237723,53.000000,7,0.067623,47.000000,4,-0.997877,44.000000,5,-3.447836,39.000000,8,-4.788102,37.000000,6,-19.669305,7.000000,,,,,,
1771730916131,00010,7,7,0,0,2,10,15.559936,78.000000,8,11.828336,70.000000,3,7.477530,61.000000,7,0.296296,47.000000,5,-2.927260,40.000000,6,-6.801677,33.000000,4,-23.058975,0.000000,,,,,,
1771730916131,00013,7,7,0,0,2,13,101.541692,127.000000,8,8.617689,64.000000,7,8.451412,63.000000,3,-0.231597,46.000000,5,-0.270661,46.000000,6,-0.697211,45.000000,4,-2.379850,42.000000,,,,,,
1771730916131,00001,7,7,0,0,2,1,15.165693,77.000000,8,16.119368,79.000000,7,8.819051,64.000000,6,-2.728396,41.000000,5,-12.033090,22.000000,4,-14.603713,17.000000,3,-18.914901,8.000000,,,,,,
1771730916131,00002,7,7,0,0,2,2,13.093459,73.000000,3,3.977702,54.000000,4,3.454189,53.000000,5,-8.639431,29.000000,6,-11.756062,23.000000,8,-16.432677,13.000000,7,-27.496889,0.000000,,,,,,
1771730916231,00004,7,7,0,0,2,4,22.215692,91.000000,8,4.793583,56.000000,5,-1.511270,43.000000,6,-5.280249,36.000000,4,-6.466284,33.000000,3,-12.418869,21.000000,7,-18.807397,8.000000,,,,,,
1771730916231,00006,7,7,0,0,2,6,40.483380,127.000000,8,12.016026,71.000000,3,9.187246,65.000000,6,8.152279,63.000000,4,-4.638922,37.000000,7,-7.765099,31.000000,5,-12.688312,21.000000,,,,,,
1771730916231,00007,7,7,0,0,2,7,12.003800,71.000000,3,2.933526,52.000000,4,-0.473946,45.000000,5,-0.820458,45.000000,7,-1.271302,44.000000,8,-9.892175,26.000000,6,-19.865003,6.000000,,,,,,
1771730916231,00010,7,7,0,0,2,10,19.322502,85.000000,8,12.069830,71.000000,3,11.220339,69.000000,7,3.275945,53.000000,5,-1.021427,44.000000,6,-9.148775,28.000000,4,-21.495529,3.000000,,,,,,
1771730916231,00013,7,7,0,0,2,13,101.483122,127.000000,8,11.331439,69.000000,7,8.033163,63.000000,5,0.563419,48.000000,3,-1.510086,43.000000,4,-2.544556,41.000000,6,-5.407711,35.000000,,,,,,
1771730916231,00001,7,7,0,0,2,1,17.973771,83.000000,8,15.703451,78.000000,7,13.908566,74.000000,4,-5.013518,36.000000,5,-6.112207,34.000000,6,-12.283796,22.000000,3,-18.429462,9.000000,,,,,,
1771730916231,00002,7,7,0,0,2,2,15.311658,77.000000,3,6.144457,59.000000,4,3.431397,53.000000,5,-6.744818,33.000000,6,-13.028653,20.000000,8,-16.296872,14.000000,7,-28.978111,0.000000,,,,,,
1771730916331,00004,7,7,0,0,2,4,15.664474,78.000000,8,1.495584,49.000000,5,-0.388617,46.000000,6,-6.947306,32.000000,4,-10.447918,25.000000,3,-14.272828,18.000000,7,-16.654127,13.000000,,,,,,
1771730916331,00006,7,7,0,0,2,6,37.220284,121.000000,3,13.677212,74.000000,8,11.452477,69.000000,6,7.064933,61.000000,4,-2.950137,40.000000,7,-6.095706,34.000000,5,-8.103291,30.000000,,,,,,
1771730916331,00007,7,7,0,0,2,7,8.966250,64.000000,3,5.541377,58.000000,4,3.644645,54.000000,5,-2.623007,41.000000,7,-2.692190,41.000000,6,-3.183348,40.000000,8,-9.331621,28.000000,,,,,,
1771730916331,00010,7,7,0,0,2,10,16.216541,79.000000,8,12.924846,72.000000,3,11.123662,69.000000,7,2.371617,51.000000,5,-3.170437,40.000000,6,-9.714863,27.000000,4,-17.584998,11.000000,,,,,,
1771730916331,00013,7,7,0,0,2,13,103.422707,127.000000,8,7.183276,61.000000,7,6.236032,59.000000,3,-0.995382,44.000000,5,-2.080016,42.000000,4,-2.635901,41.000000,6,-6.704958,33.000000,,,,,,
1771730916331,00001,7,7,0,0,2,1,21.906003,91.000000,8,13.796314,74.000000,7,12.203488,71.000000,4,-6.067430,34.000000,5,-10.658116,25.000000,3,-13.011181,20.000000,6,-14.103317,18.000000,,,,,,
1771730916331,00002,7,7,0,0,2,2,14.966169,77.000000,3,3.764220,54.000000,4,1.316594,49.000000,5,-9.205772,28.000000,6,-15.845057,14.000000,8,-18.614216,9.000000,7,-26.279873,0.000000,,,,,,
1771730916431,00004,7,7,0,0,2,4,24.834292,96.000000,5,16.641068,80.000000,8,3.909177,54.000000,6,-6.619909,33.000000,4,-8.355163,30.000000,7,-12.449825,21.000000,3,-15.798365,15.000000,,,,,,
1771730916431,00006,7,7,0,0,2,6,40.683766,127.000000,8,21.451635,90.000000,3,14.006777,75.000000,6,3.882084,54.000000,4,-4.795472,37.000000,7,-8.748134,29.000000,5,-8.820214,29.000000,,,,,,
1771730916431,00007,7,7,0,0,2,7,7.850204,62.000000,3,3.050513,53.000000,4,0.476364,47.000000,5,-0.993973,44.000000,7,-5.903767,34.000000,8,-12.581658,21.000000,6,-15.192918,16.000000,,,,,,
1771730916431,00010,7,7,0,0,2,10,17.634480,82.000000,3,10.506953,68.000000,8,10.481943,67.000000,7,4.631190,56.000000,5,-4.780885,37.000000,6,-10.032132,26.000000,4,-21.211115,4.000000,,,,,,
1771730916431,00013,7,7,0,0,2,13,101.254181,127.000000,8,7.389668,61.000000,7,6.419293,59.000000,3,1.742633,50.000000,4,-2.172775,42.000000,6,-2.457247,41.000000,5,-3.442835,39.000000,,,,,,
1771730916431,00001,7,7,0,0,2,1,24.647645,96.000000,7,14.713019,76.000000,8,14.307872,75.000000,4,-6.195354,34.000000,5,-12.624549,21.000000,3,-12.675226,21.000000,6,-16.036786,14.000000,,,,,,
1771730916431,00002,7,7,0,0,2,2,12.346116,71.000000,3,3.967032,54.000000,4,2.248142,51.000000,5,-6.378731,34.000000,6,-11.849313,22.000000,8,-13.273401,20.000000,7,-23.421869,0.000000,,,,,,
1771730916531,00004,7,7,0,0,2,4,28.741440,104.000000,8,0.515093,47.000000,6,-6.126289,34.000000,4,-7.414831,31.000000,5,-10.274503,26.000000,3,-15.253094,16.000000,7,-16.486273,13.000000,,,,,,
1771730916531,00006,7,7,0,0,2,6,23.807400,94.000000,8,17.294568,81.000000,3,10.630054,68.000000,6,0.796738,48.000000,4,-6.073494,34.000000,7,-6.474151,33.000000,5,-9.485171,27.000000,,,,,,
1771730916531,00007,7,7,0,0,2,7,9.851454,66.000000,3,4.932045,56.000000,4,1.136019,49.000000,5,-1.709583,43.000000,7,-4.277296,38.000000,8,-10.620059,25.000000,6,-15.431909,15.000000,,,,,,
1771730916531,00010,7,7,0,0,2,10,17.178361,81.000000,8,12.405754,71.000000,3,10.407725,67.000000,7,9.473247,65.000000,5,-3.792105,39.000000,6,-7.716303,31.000000,4,-20.350472,5.000000,,,,,,
1771730916531,00013,7,7,0,0,2,13,97.422926,127.000000,8,5.322525,57.000000,7,4.260690,55.000000,6,0.663706,48.000000,3,-1.545697,43.000000,5,-1.866563,43.000000,4,-5.656077,35.000000,,,,,,
1771730916531,00001,7,7,0,0,2,1,16.555696,80.000000,8,15.652080,78.000000,7,13.397237,73.000000,4,-5.337873,36.000000,5,-11.873440,22.000000,3,-12.073287,22.000000,6,-12.391441,21.000000,,,,,,
1771730916531,00002,7,7,0,0,2,2,11.820066,70.000000,4,3.977474,54.000000,3,3.378100,53.000000,5,-11.644652,23.000000,6,-12.746334,21.000000,8,-14.611859,17.000000,7,-23.923462,0.000000,,,,,,
1771730916631,00004,7,7,0,0,2,4,25.111028,97.000000,8,-1.063285,44.000000,4,-7.131126,32.000000,6,-8.137477,30.000000,5,-8.454464,29.000000,7,-17.229797,12.000000,3,-18.773177,9.000000,,,,,,
1771730916631,00006,7,7,0,0,2,6,38.393059,124.000000,8,17.217475,81.000000,3,6.397969,59.000000,6,2.832372,52.000000,4,-4.095710,38.000000,7,-5.223250,36.000000,5,-11.659904,23.000000,,,,,,
1771730916631,00007,7,7,0,0,2,7,7.819889,62.000000,3,0.988230,48.000000,4,0.137905,47.000000,5,-1.550550,43.000000,7,-2.024983,42.000000,8,-11.668979,23.000000,6,-19.336751,7.000000,,,,,,
1771730916631,00010,7,7,0,0,2,10,12.907959,72.000000,8,14.076246,75.000000,3,13.897441,74.000000,7,8.015444,63.000000,6,-4.698262,37.000000,5,-7.018116,32.000000,4,-20.014018,6.000000,,,,,,
1771730916631,00013,7,7,0,0,2,13,96.938595,127.000000,7,6.363058,59.000000,8,6.206432,59.000000,6,0.349396,47.000000,3,-0.170517,46.000000,4,-3.331648,40.000000,5,-21.173401,4.000000,,,,,,
1771730916631,00001,7,7,0,0,2,1,21.018231,89.000000,8,20.480643,88.000000,7,10.549757,68.000000,4,-6.621704,33.000000,3,-10.645361,25.000000,5,-11.585602,23.000000,6,-16.271433,14.000000,,,,,,
1771730916631,00002,7,7,0,0,2,2,10.326062,67.000000,3,6.648868,60.000000,4,3.564678,54.000000,6,-9.033461,28.000000,8,-9.806998,27.000000,5,-10.827711,25.000000,7,-23.664300,0.000000,,,,,,
1771730916731,00004,8,7,0,0,2,4,22.764042,92.000000,8,2.966642,52.000000,4,-0.620683,45.000000,5,-4.884678,37.000000,6,-7.426875,31.000000,7,-10.835896,25.000000,3,-19.980383,6.000000,,,,,,
1771730916731,00006,8,7,0,0,2,6,45.279960,127.000000,8,13.044375,73.000000,3,9.756464,66.000000,6,3.679451,54.000000,4,-3.302277,40.000000,7,-3.568341,39.000000,5,-10.871593,24.000000,,,,,,
1771730916731,00007,8,7,0,0,2,7,6.932966,60.000000,4,2.825718,52.000000,3,1.728202,50.000000,5,-0.421430,46.000000,7,-2.286885,42.000000,8,-8.038986,30.000000,6,-14.192055,18.000000,,,,,,
1771730916731,00013,8,7,0,0,2,13,96.260745,127.000000,7,6.536541,60.000000,8,1.559934,50.000000,3,1.248178,49.000000,6,-0.638326,45.000000,4,-7.220015,32.000000,5,-21.486729,3.000000,,,,,,
1771730916731,00001,8,7,0,0,2,1,22.561215,92.000000,8,16.208025,79.000000,7,12.771863,72.000000,5,-8.544638,29.000000,4,-9.694308,27.000000,3,-11.867470,22.000000,6,-16.224926,14.000000,,,,,,
1771730916731,00002,8,7,0,0,2,2,11.338611,69.000000,3,6.410122,59.000000,4,5.716485,58.000000,8,-5.830312,35.000000,5,-12.213832,22.000000,6,-14.802509,17.000000,7,-24.799221,0.000000,,,,,,
1771730916731,00014,8,7,0,0,2,14,10.996832,69.000000,3,9.327942,65.000000,8,6.038726,59.000000,7,-0.985925,44.000000,6,-1.634911,43.000000,5,-3.270312,40.000000,4,-4.591714,37.000000,,,,,,
1771730916731,00021,8,7,0,0,2,21,11.275158,69.000000,8,6.551382,60.000000,3,3.962922,54.000000,7,-1.489424,43.000000,4,-5.704790,35.000000,5,-22.410858,1.000000,6,-23.607114,0.000000,,,,,,
1771730916831,00004,9,8,0,0,2,4,21.010211,89.000000,8,-1.898780,43.000000,4,-3.155295,40.000000,6,-7.266646,32.000000,5,-7.776453,31.000000,7,-8.788138,29.000000,3,-12.316870,22.000000,,,,,,
1771730916831,00006,9,8,0,0,2,6,46.575834,127.000000,8,15.052550,77.000000,3,12.800879,72.000000,4,3.384623,53.000000,6,2.124393,51.000000,7,-2.756811,41.000000,5,-15.011262,16.000000,,,,,,
1771730916831,00007,9,8,0,0,2,7,6.416438,59.000000,3,4.136924,55.000000,4,0.747120,48.000000,5,0.744817,48.000000,7,-5.534983,35.000000,8,-10.763868,25.000000,6,-13.125604,20.000000,,,,,,
1771730916831,00013,9,8,0,0,2,13,95.766572,127.000000,8,4.881796,56.000000,7,2.401261,51.000000,6,2.108374,51.000000,3,-2.870791,41.000000,4,-3.736291,39.000000,5,-18.354504,9.000000,,,,,,
1771730916831,00001,9,8,0,0,2,1,17.705442,82.000000,7,15.874747,78.000000,8,15.339332,77.000000,5,-4.505847,37.000000,4,-12.092147,22.000000,3,-15.832408,14.000000,6,-18.201104,10.000000,,,,,,
1771730916831,00002,9,8,0,0,2,2,14.339735,75.000000,4,6.519943,60.000000,3,3.874105,54.000000,5,-4.752854,37.000000,8,-4.832183,37.000000,6,-16.507293,13.000000,7,-20.906446,4.000000,,,,,,
1771730916831,00014,9,8,0,0,2,14,9.027256,65.000000,8,8.263057,63.000000,3,7.262582,61.000000,7,1.057608,48.000000,6,-0.514704,45.000000,5,-2.878447,41.000000,4,-4.237394,38.000000,,,,,,
1771730916831,00021,9,8,0,0,2,21,9.402215,65.000000,3,7.334540,61.000000,8,5.136667,57.000000,4,-5.413381,35.000000,7,-5.963580,34.000000,5,-21.073453,4.000000,6,-29.159902,0.000000,,,,,,
1771730916831,00020,9,8,0,0,2,20,16.536803,80.000000,3,13.357746,73.000000,4,5.285487,57.000000,8,5.207671,57.000000,6,-5.911838,34.000000,5,-9.535601,27.000000,7,-16.821838,12.000000,,,,,,
1771730916931,00004,9,9,0,0,2,4,25.237228,97.000000,4,0.760039,48.000000,8,-4.032108,38.000000,5,-5.151631,36.000000,6,-9.114223,28.000000,7,-9.436443,27.000000,3,-19.175780,8.000000,,,,,,
1771730916931,00006,9,9,0,0,2,6,44.656412,127.000000,8,15.493182,78.000000,3,10.593240,68.000000,7,2.328458,51.000000,6,-1.324303,44.000000,4,-3.318230,40.000000,5,-13.232777,20.000000,,,,,,
1771730916931,00007,9,9,0,0,2,7,6.286764,59.000000,5,3.983161,54.000000,3,1.720878,50.000000,4,1.585261,50.000000,7,-1.155610,44.000000,8,-8.518667,29.000000,6,-10.970955,24.000000,,,,,,
1771730916931,00013,9,9,0,0,2,13,92.770703,127.000000,7,7.959543,62.000000,8,7.237187,61.000000,6,0.622068,48.000000,3,-0.066339,46.000000,4,-1.846309,43.000000,5,-20.749865,5.000000,,,,,,
1771730916931,00001,9,9,0,0,2,1,19.924747,87.000000,7,12.145615,71.000000,8,9.913958,66.000000,4,-8.267283,30.000000,5,-10.055728,26.000000,3,-12.777498,21.000000,6,-15.622500,15.000000,,,,,,
1771730916931,00002,9,9,0,0,2,2,9.419755,65.000000,3,5.192551,57.000000,4,4.262824,55.000000,5,-6.559461,33.000000,8,-8.144474,30.000000,6,-14.047718,18.000000,7,-22.244798,2.000000,,,,,,
1771730916931,00014,9,9,0,0,2,14,3.636339,54.000000,3,11.225073,69.000000,8,2.398595,51.000000,7,-1.081105,44.000000,5,-1.488578,43.000000,6,-3.064143,40.000000,4,-5.743113,35.000000,,,,,,
1771730916931,00021,9,9,0,0,2,21,11.929412,70.000000,3,6.117606,59.000000,8,3.807223,54.000000,7,-5.070341,36.000000,4,-10.885407,24.000000,6,-24.662425,0.000000,5,-27.690752,0.000000,,,,,,
1771730916931,00020,9,9,0,0,2,20,21.072821,89.000000,3,10.120129,67.000000,4,4.453216,55.000000,8,2.550922,52.000000,6,-0.508552,45.000000,5,-5.830062,35.000000,7,-26.862056,0.000000,,,,,,
1771730917031,00004,9,9,0,0,2,4,21.522360,90.000000,4,6.051998,59.000000,8,0.626384,48.000000,5,-5.313659,36.000000,6,-6.104393,34.000000,7,-7.504336,31.000000,3,-18.293983,9.000000,,,,,,
1771730917031,00006,9,9,0,0,2,6,44.164835,127.000000,8,20.084760,87.000000,3,8.474221,63.000000,6,1.574217,50.000000,4,0.814521,48.000000,7,-4.715824,37.000000,5,-12.837667,20.000000,,,,,,
1771730917031,00007,9,9,0,0,2,7,12.434168,71.000000,5,9.545267,66.000000,3,2.532397,51.000000,4,1.285521,49.000000,7,-6.757260,33.000000,6,-8.010965,30.000000,8,-12.186166,22.000000,,,,,,
1771730917031,00013,9,9,0,0,2,13,92.843975,127.000000,8,9.807903,66.000000,7,6.964087,60.000000,6,2.875371,52.000000,3,-3.664584,39.000000,4,-4.035209,38.000000,5,-19.778797,6.000000,,,,,,
1771730917031,00001,9,9,0,0,2,1,18.240636,83.000000,7,12.569236,72.000000,8,10.993788,69.000000,4,-5.994479,34.000000,3,-6.763693,33.000000,5,-9.102747,28.000000,6,-19.763243,7.000000,,,,,,
1771730917031,00002,9,9,0,0,2,2,17.160511,81.000000,4,4.040893,55.000000,3,3.736637,54.000000,5,-5.825965,35.000000,8,-7.301317,32.000000,6,-11.287796,24.000000,7,-28.483925,0.000000,,,,,,
1771730917031,00014,9,9,0,0,2,14,10.017519,67.000000,3,9.632149,66.000000,8,3.811356,54.000000,4,-0.301211,46.000000,7,-0.802446,45.000000,6,-2.713574,41.000000,5,-3.448790,39.000000,,,,,,
1771730917031,00021,9,9,0,0,2,21,9.460352,65.000000,3,6.465990,59.000000,8,0.945811,48.000000,7,-6.763681,33.000000,4,-8.061243,30.000000,6,-24.692345,0.000000,5,-28.105885,0.000000,,,,,,
1771730917031,00020,9,9,0,0,2,20,17.725696,82.000000,3,8.815258,64.000000,8,4.544893,56.000000,4,2.830167,52.000000,6,1.952594,50.000000,5,-6.727496,33.000000,7,-19.190881,8.000000,,,,,,
1771730917131,00004,9,9,0,0,2,4,18.844307,84.000000,4,6.189621,59.000000,8,0.796863,48.000000,5,-3.510053,39.000000,6,-5.339027,36.000000,3,-5.618239,35.000000,7,-8.439410,29.000000,,,,,,
1771730917131,00006,9,9,0,0,2,6,45.241680,127.000000,8,16.131400,79.000000,3,7.628384,62.000000,4,3.827490,54.000000,6,-1.505009,43.000000,7,-2.142344,42.000000,5,-10.040230,26.000000,,,,,,
1771730917131,00007,9,9,0,0,2,7,8.912531,64.000000,5,7.502405,61.000000,3,4.535970,56.000000,4,-0.230732,46.000000,6,-2.672198,41.000000,7,-5.617407,35.000000,8,-13.381891,19.000000,,,,,,
1771730917131,00013,9,9,0,0,2,13,92.975424,127.000000,8,7.238781,61.000000,7,6.075854,59.000000,6,1.224753,49.000000,4,-1.807131,43.000000,3,-4.929330,36.000000,5,-15.988278,14.000000,,,,,,
1771730917131,00001,9,9,0,0,2,1,20.995324,89.000000,7,13.506708,74.000000,8,7.044443,61.000000,3,-2.763257,41.000000,4,-7.540163,31.000000,5,-8.114117,30.000000,6,-13.680321,19.000000,,,,,,
1771730917131,00002,9,9,0,0,2,2,11.439424,69.000000,4,5.675921,58.000000,3,3.129697,53.000000,8,-5.954730,34.000000,5,-7.071304,32.000000,6,-8.626520,29.000000,7,-26.180456,0.000000,,,,,,
1771730917131,00014,9,9,0,0,2,14,13.529566,74.000000,3,12.771441,72.000000,8,3.648981,54.000000,7,-0.991926,44.000000,4,-2.515328,41.000000,5,-4.550894,37.000000,6,-5.529444,35.000000,,,,,,
1771730917131,00021,9,9,0,0,2,21,11.505042,70.000000,3,7.200096,61.000000,8,0.481974,47.000000,7,-4.380526,38.000000,4,-8.946289,28.000000,6,-21.704060,3.000000,5,-25.562162,0.000000,,,,,,
1771730917131,00020,9,9,0,0,2,20,15.305579,77.000000,3,13.157096,73.000000,4,2.145698,51.000000,8,0.616144,48.000000,6,0.599621,48.000000,5,-9.887402,26.000000,7,-20.241184,6.000000,,,,,,
1771730917231,00004,9,9,0,0,2,4,15.308562,77.000000,4,9.575039,66.000000,3,1.149328,49.000000,8,-0.063582,46.000000,6,-4.643621,37.000000,5,-8.626860,29.000000,7,-8.772702,29.000000,,,,,,
1771730917231,00006,9,9,0,0,2,6,43.312101,127.000000,8,20.442572,88.000000,4,2.457161,51.000000,3,1.784083,50.000000,6,-0.170263,46.000000,7,-5.469932,35.000000,5,-10.165140,26.000000,,,,,,
1771730917231,00007,9,9,0,0,2,7,8.481920,63.000000,5,8.871610,64.000000,4,2.839193,52.000000,3,-0.494546,45.000000,7,-3.926790,38.000000,6,-4.072319,38.000000,8,-12.127883,22.000000,,,,,,
1771730917231,00013,9,9,0,0,2,13,88.757226,127.000000,7,9.690303,66.000000,8,3.847182,54.000000,6,3.212632,53.000000,4,2.201359,51.000000,3,-4.302603,38.000000,5,-11.890155,22.000000,,,,,,
1771730917231,00001,9,9,0,0,2,1,21.337345,89.000000,8,11.485792,70.000000,7,10.667656,68.000000,3,-6.312367,34.000000,4,-6.453604,33.000000,5,-8.677801,29.000000,6,-17.150968,12.000000,,,,,,
1771730917231,00002,9,9,0,0,2,2,13.679947,74.000000,3,1.529794,49.000000,4,-0.390275,46.000000,6,-2.472779,41.000000,5,-4.513524,37.000000,8,-6.400022,33.000000,7,-25.082787,0.000000,,,,,,
1771730917231,00014,9,9,0,0,2,14,12.823125,72.000000,3,15.711858,78.000000,8,2.869075,52.000000,5,-1.700256,43.000000,7,-2.963405,40.000000,4,-3.218826,40.000000,6,-7.378124,31.000000,,,,,,
1771730917231,00021,9,9,0,0,2,21,11.526077,70.000000,3,6.180302,59.000000,8,-0.016987,46.000000,7,-3.407019,39.000000,4,-11.740978,23.000000,6,-18.378294,9.000000,5,-24.015866,0.000000,,,,,,
1771730917231,00020,9,9,0,0,2,20,8.039709,63.000000,3,11.948927,70.000000,8,5.933257,58.000000,6,5.348342,57.000000,4,2.216376,51.000000,5,-7.839673,31.000000,7,-18.083799,10.000000,,,,,,
1771730917331,00004,8,8,0,0,2,4,10.534054,68.000000,4,9.709625,66.000000,5,1.668219,50.000000,3,1.529269,49.000000,6,-1.908306,43.000000,8,-3.718530,39.000000,7,-8.573012,29.000000,,,,,,
1771730917331,00006,8,8,0,0,2,6,41.200721,127.000000,8,20.042970,87.000000,3,8.395502,63.000000,6,5.623011,58.000000,7,0.625117,48.000000,4,-1.703358,43.000000,5,-6.471122,33.000000,,,,,,
1771730917331,00007,8,8,0,0,2,7,17.671415,82.000000,5,8.263889,63.000000,4,3.221629,53.000000,6,-2.751341,41.000000,7,-2.997865,40.000000,3,-3.186275,40.000000,8,-8.852321,29.000000,,,,,,
1771730917331,00013,8,8,0,0,2,13,90.508928,127.000000,7,6.076427,59.000000,8,2.743226,52.000000,6,0.522829,47.000000,4,-0.614566,45.000000,3,-1.682323,43.000000,5,-14.944008,16.000000,,,,,,
1771730917331,00001,8,8,0,0,2,1,19.587950,86.000000,8,13.261594,73.000000,7,13.205455,73.000000,4,-4.082584,38.000000,3,-7.319639,32.000000,5,-10.067935,26.000000,6,-17.567918,11.000000,,,,,,
1771730917331,00002,8,8,0,0,2,2,10.399821,67.000000,5,3.374446,53.000000,3,2.800485,52.000000,6,-0.078792,46.000000,4,-1.077363,44.000000,8,-1.546169,43.000000,7,-24.922232,0.000000,,,,,,
1771730917331,00014,8,8,0,0,2,14,12.259149,71.000000,3,9.535818,66.000000,8,6.456676,59.000000,4,1.191781,49.000000,7,-0.030947,46.000000,6,-5.463017,35.000000,5,-7.371622,32.000000,,,,,,
1771730917331,00021,8,8,0,0,2,21,13.291267,73.000000,3,5.517242,57.000000,8,4.541053,56.000000,7,-8.161183,30.000000,4,-9.608326,27.000000,5,-20.009263,6.000000,6,-22.567380,1.000000,,,,,,
1771730917431,00004,9,9,0,0,2,4,23.476072,94.000000,4,9.448808,65.000000,6,8.738597,64.000000,3,6.161728,59.000000,5,4.468033,55.000000,8,-2.429150,41.000000,7,-5.497798,35.000000,,,,,,
1771730917431,00006,9,9,0,0,2,6,37.075354,121.000000,8,20.815921,88.000000,3,5.149515,57.000000,7,-0.246858,46.000000,4,-3.121905,40.000000,6,-8.898673,28.000000,5,-12.489331,21.000000,,,,,,
1771730917431,00007,9,9,0,0,2,7,10.419515,67.000000,4,1.449742,49.000000,5,0.959140,48.000000,3,-1.496743,43.000000,7,-7.223568,32.000000,6,-8.835989,29.000000,8,-11.555997,23.000000,,,,,,
1771730917431,00013,9,9,0,0,2,13,91.407143,127.000000,7,5.738613,58.000000,8,1.080964,49.000000,6,-0.717983,45.000000,3,-2.776344,41.000000,4,-6.198742,34.000000,5,-15.683961,15.000000,,,,,,
1771730917431,00001,9,9,0,0,2,1,13.765314,74.000000,8,12.435322,71.000000,7,10.762363,68.000000,3,-6.055030,34.000000,4,-6.656110,33.000000,5,-11.986715,22.000000,6,-18.251129,10.000000,,,,,,
1771730917431,00002,9,9,0,0,2,2,8.976417,64.000000,5,4.407796,55.000000,3,1.632668,50.000000,6,0.010821,46.000000,4,-1.226015,44.000000,8,-6.199258,34.000000,7,-26.621599,0.000000,,,,,,
1771730917431,00014,9,9,0,0,2,14,14.773557,76.000000,3,8.987701,64.000000,8,2.746645,52.000000,4,0.198989,47.000000,7,-3.310990,40.000000,6,-4.389170,38.000000,5,-7.615906,31.000000,,,,,,
1771730917431,00021,9,9,0,0,2,21,15.050634,77.000000,3,10.434184,67.000000,8,7.326416,61.000000,6,-4.010180,38.000000,7,-10.787849,25.000000,4,-11.327607,24.000000,5,-24.556762,0.000000,,,,,,
1771730917431,00010,9,9,0,0,2,10,12.259594,71.000000,8,10.367684,67.000000,3,5.453717,57.000000,7,-0.569845,45.000000,5,-5.988810,34.000000,6,-13.720281,19.000000,4,-15.680062,15.000000,,,,,,
1771730917531,00004,9,9,0,0,2,4,10.571768,68.000000,4,14.177755,75.000000,3,5.536934,58.000000,5,0.821229,48.000000,8,-0.086379,46.000000,6,-3.936004,38.000000,7,-4.072199,38.000000,,,,,,
1771730917531,00006,9,9,0,0,2,6,42.130933,127.000000,8,17.400183,81.000000,3,6.649997,60.000000,4,4.337740,55.000000,7,-2.819466,41.000000,5,-10.223244,26.000000,6,-10.760017,25.000000,,,,,,
1771730917531,00007,9,9,0,0,2,7,16.262330,79.000000,3,7.065308,61.000000,5,3.909925,54.000000,4,2.678550,52.000000,8,-6.672506,33.000000,6,-8.657177,29.000000,7,-8.739902,29.000000,,,,,,
1771730917531,00013,9,9,0,0,2,13,88.353908,127.000000,7,9.176755,65.000000,6,0.556892,47.000000,8,0.496161,47.000000,3,-1.329433,44.000000,4,-6.566131,33.000000,5,-13.688110,19.000000,,,,,,
1771730917531,00001,9,9,0,0,2,1,17.294447,81.000000,7,15.650048,78.000000,8,10.304595,67.000000,4,-5.342575,36.000000,5,-8.816402,29.000000,3,-10.386794,25.000000,6,-13.821044,19.000000,,,,,,
1771730917531,00002,9,9,0,0,2,2,5.872956,58.000000,3,2.691831,52.000000,5,0.629791,48.000000,6,-0.897828,45.000000,4,-1.600795,43.000000,8,-1.971759,42.000000,7,-24.873473,0.000000,,,,,,
1771730917531,00014,9,9,0,0,2,14,8.138924,63.000000,8,11.019646,69.000000,3,8.274095,63.000000,4,5.691187,58.000000,7,-2.878307,41.000000,6,-3.634210,39.000000,5,-5.683290,35.000000,,,,,,
1771730917531,00021,9,9,0,0,2,21,16.989948,81.000000,3,15.840224,78.000000,8,5.427343,57.000000,6,-0.668854,45.000000,7,-11.911821,22.000000,4,-13.564150,19.000000,5,-23.728866,0.000000,,,,,,
1771730917531,00010,9,9,0,0,2,10,12.287738,71.000000,8,4.176400,55.000000,3,2.682326,52.000000,7,0.453406,47.000000,5,-6.780898,33.000000,6,-11.713455,23.000000,4,-17.970545,10.000000,,,,,,
1771730917631,00006,8,8,0,0,2,6,35.846693,119.000000,8,17.920258,82.000000,3,10.580961,68.000000,4,0.811061,48.000000,7,-2.054678,42.000000,5,-12.183836,22.000000,6,-14.905611,16.000000,,,,,,
1771730917631,00007,8,8,0,0,2,7,10.214579,67.000000,3,10.048340,67.000000,5,6.161896,59.000000,4,3.005509,52.000000,6,-6.819324,33.000000,7,-6.913019,32.000000,8,-7.397487,31.000000,,,,,,
1771730917631,00013,8,8,0,0,2,13,88.999904,127.000000,7,14.853477,76.000000,6,-0.705731,45.000000,3,-0.769008,45.000000,8,-2.227929,42.000000,4,-4.471292,37.000000,5,-11.805134,23.000000,,,,,,
1771730917631,00001,8,8,0,0,2,1,17.997545,83.000000,8,13.783625,74.000000,7,7.266461,61.000000,4,-5.575347,35.000000,3,-7.223939,32.000000,5,-9.136320,28.000000,6,-13.928589,18.000000,,,,,,
1771730917631,00002,8,8,0,0,2,2,5.124892,57.000000,3,4.080430,55.000000,6,2.377849,51.000000,4,-0.408831,46.000000,5,-0.959900,44.000000,8,-3.974391,38.000000,7,-21.380073,3.000000,,,,,,
1771730917631,00014,8,8,0,0,2,14,10.850166,68.000000,8,10.274770,67.000000,3,6.462431,59.000000,4,3.005696,52.000000,7,-1.004805,44.000000,6,-5.422844,35.000000,5,-6.929397,32.000000,,,,,,
1771730917631,00021,8,8,0,0,2,21,20.570003,88.000000,3,18.047586,83.000000,8,8.972432,64.000000,6,-1.898040,43.000000,7,-9.497586,27.000000,4,-13.397366,19.000000,5,-25.112717,0.000000,,,,,,
1771730917631,00010,8,8,0,0,2,10,10.965857,68.000000,3,6.371760,59.000000,8,5.355281,57.000000,7,0.886418,48.000000,6,-3.656286,39.000000,5,-5.687129,35.000000,4,-15.820577,14.000000,,,,,,
1771730917731,00006,8,8,0,0,2,6,39.465147,126.000000,8,17.765341,82.000000,3,9.505792,66.000000,4,0.645141,48.000000,7,-1.451051,43.000000,5,-7.060238,32.000000,6,-11.152156,24.000000,,,,,,
1771730917731,00007,8,8,0,0,2,7,14.604916,76.000000,4,6.173779,59.000000,5,5.619259,58.000000,3,1.844130,50.000000,6,-5.899883,34.000000,7,-8.943046,28.000000,8,-10.374237,25.000000,,,,,,
1771730917731,00013,8,8,0,0,2,13,88.853364,127.000000,7,9.515178,66.000000,8,4.581339,56.000000,3,0.488597,47.000000,6,0.213325,47.000000,5,-6.573014,33.000000,4,-8.069373,30.000000,,,,,,
1771730917731,00001,8,8,0,0,2,1,20.485547,88.000000,8,13.612615,74.000000,7,6.411137,59.000000,4,-2.382244,42.000000,3,-5.165111,36.000000,5,-11.006679,24.000000,6,-14.105154,18.000000,,,,,,
1771730917731,00002,8,8,0,0,2,2,8.400548,63.000000,5,4.018504,54.000000,3,3.801641,54.000000,4,-1.653557,43.000000,6,-2.134585,42.000000,8,-6.412367,33.000000,7,-23.432613,0.000000,,,,,,
1771730917731,00014,8,8,0,0,2,14,10.522915,68.000000,3,12.091818,71.000000,8,8.713191,64.000000,4,3.811713,54.000000,7,0.786572,48.000000,6,-5.892762,34.000000,5,-12.217123,22.000000,,,,,,
1771730917731,00021,8,8,0,0,2,21,18.597000,84.000000,3,16.225215,79.000000,8,9.341244,65.000000,6,-6.161916,34.000000,4,-6.837728,33.000000,7,-9.162538,28.000000,5,-25.159124,0.000000,,,,,,
1771730917731,00010,8,8,0,0,2,10,11.333466,69.000000,3,9.276008,65.000000,8,8.208829,63.000000,7,2.294061,51.000000,5,-7.057931,32.000000,6,-11.879454,22.000000,4,-15.756586,15.000000,,,,,,
