timestamp,ueImsiComplete,DRB.PdcpSduDelayDl(cellAverageLatency),m_pDCPBytesUL(0),m_pDCPBytesDL(cellDlTxVolume),DRB.PdcpSduVolumeDl_Filter.UEID(txBytes),Tot.PdcpSduNbrDl.UEID(txDlPackets),DRB.PdcpSduBitRateDl.UEID(pdcpThroughput),DRB.PdcpSduDelayDl.UEID(pdcpLatency),txPdcpPduLteRlc,txPdcpPduBytesLteRlc,QosFlow.PdcpPduVolumeDL_Filter.UEID(txPdcpPduBytesNrRlc),DRB.PdcpPduNbrDl.Qos.UEID(txPdcpPduNrRlc)
1771730914331,00008,0.000000,0,0,0,0,0.000000,0.000000,0,0,0.000000,0
1771730914331,00015,0.000000,0,0,0,0,0.000000,0.000000,0,0,0.000000,0
1771730914331,00011,0.000000,0,0,0,0,0.000000,0.000000,0,0,0.000000,0
1771730914331,00018,0.000000,0,0,0,0,0.000000,0.000000,0,0,0.000000,0
1771730914331,00017,0.000000,0,0,0,0,0.000000,0.000000,0,0,0.000000,0
1771730914331,00006,0.000000,0,0,0,0,0.000000,0.000000,0,0,0.000000,0
1771730914331,00012,0.000000,0,0,0,0,0.000000,0.000000,0,0,0.000000,0
1771730914331,00021,0.000000,0,0,0,0,0.000000,0.000000,0,0,0.000000,0
1771730914331,00019,0.000000,0,0,0,0,0.000000,0.000000,0,0,0.000000,0
1771730914331,00004,0.000000,0,0,0,0,0.000000,0.000000,0,0,0.000000,0
1771730914331,00009,0.000000,0,0,0,0,0.000000,0.000000,0,0,0.000000,0
1771730914331,00005,0.000000,0,0,0,0,0.000000,0.000000,0,0,0.000000,0
1771730914331,00003,0.000000,0,0,0,0,0.000000,0.000000,0,0,0.000000,0
1771730914331,00016,0.000000,0,0,0,0,0.000000,0.000000,0,0,0.000000,0
1771730914331,00001,0.000000,0,0,0,0,0.000000,0.000000,0,0,0.000000,0
1771730914331,00010,0.000000,0,0,0,0,0.000000,0.000000,0,0,0.000000,0
1771730914331,00007,0.000000,0,0,0,0,0.000000,0.000000,0,0,0.000000,0
1771730914331,00014,0.000000,0,0,0,0,0.000000,0.000000,0,0,0.000000,0
1771730914331,00020,0.000000,0,0,0,0,0.000000,0.000000,0,0,0.000000,0
1771730914331,00013,0.000000,0,0,0,0,0.000000,0.000000,0,0,0.000000,0
1771730914331,00002,0.000000,0,0,0,0,0.000000,0.000000,0,0,0.000000,0
1771730914431,00008,60.820611,0,11256,0,1,0.000000,16.069620,0,0,0.000000,1
1771730914431,00015,60.820611,0,11256,0,1,0.000000,30.783980,1,0,0.000000,0
1771730914431,00011,60.820611,0,11256,0,1,0.000000,37.748270,1,0,0.000000,0
1771730914431,00018,60.820611,0,11256,0,1,0.000000,47.747490,1,0,0.000000,0
1771730914431,00017,60.820611,0,11256,1876,179,18760.000000,90.613998,79,828,1048.000000,100
1771730914431,00006,60.820611,0,11256,0,1,0.000000,7.855320,0,0,0.000000,1
1771730914431,00012,60.820611,0,11256,0,1,0.000000,56.676850,1,0,0.000000,0
1771730914431,00021,60.820611,0,11256,1876,179,18760.000000,87.584424,84,880,996.000000,95
1771730914431,00019,60.820611,0,11256,0,1,0.000000,66.676070,1,0,0.000000,0
1771730914431,00004,60.820611,0,11256,0,1,0.000000,69.891130,1,0,0.000000,0
1771730914431,00009,60.820611,0,11256,1876,179,18760.000000,123.027680,87,912,964.000000,92
1771730914431,00005,60.820611,0,11256,1876,179,18760.000000,104.551707,92,964,912.000000,87
1771730914431,00003,60.820611,0,11256,0,1,0.000000,245.891030,0,0,0.000000,1
1771730914431,00016,60.820611,0,11256,0,1,0.000000,9.461690,0,0,0.000000,1
1771730914431,00001,60.820611,0,11256,1876,179,18760.000000,83.047800,78,817,1059.000000,101
1771730914431,00010,60.820611,0,11256,0,1,0.000000,16.248190,0,0,0.000000,1
1771730914431,00007,60.820611,0,11256,0,1,0.000000,8.033890,0,0,0.000000,1
1771730914431,00014,60.820611,0,11256,0,1,0.000000,40.962550,1,0,0.000000,0
1771730914431,00020,60.820611,0,11256,0,1,0.000000,81.854640,1,0,0.000000,0
1771730914431,00013,60.820611,0,11256,1876,179,18760.000000,43.044032,83,870,1006.000000,96
1771730914431,00002,60.820611,0,11256,0,1,0.000000,9.462470,0,0,0.000000,1
1771730914531,00008,42.029656,0,12580,0,0,0.000000,0.000000,0,0,0.000000,0
1771730914531,00015,42.029656,0,12580,0,0,0.000000,0.000000,0,0,0.000000,0
1771730914531,00011,42.029656,0,12580,0,0,0.000000,0.000000,0,0,0.000000,0
1771730914531,00018,42.029656,0,12580,4,9,40.000000,25.362783,5,2,2.000000,4
1771730914531,00017,42.029656,0,12580,2096,200,20960.000000,151.071395,115,1205,891.000000,85
1771730914531,00006,42.029656,0,12580,0,0,0.000000,0.000000,0,0,0.000000,0
1771730914531,00012,42.029656,0,12580,0,0,0.000000,0.000000,0,0,0.000000,0
1771730914531,00021,42.029656,0,12580,2096,200,20960.000000,116.115581,101,1058,1038.000000,99
1771730914531,00019,42.029656,0,12580,0,0,0.000000,0.000000,0,0,0.000000,0
1771730914531,00004,42.029656,0,12580,0,0,0.000000,0.000000,0,0,0.000000,0
1771730914531,00009,42.029656,0,12580,2096,200,20960.000000,120.489236,111,1163,933.000000,89
1771730914531,00005,42.029656,0,12580,2096,200,20960.000000,332.497380,106,1111,985.000000,94
1771730914531,00003,42.029656,0,12580,0,0,0.000000,0.000000,0,0,0.000000,0
1771730914531,00016,42.029656,0,12580,0,0,0.000000,0.000000,0,0,0.000000,0
1771730914531,00001,42.029656,0,12580,2096,200,20960.000000,95.731588,93,975,1121.000000,107
1771730914531,00010,42.029656,0,12580,0,0,0.000000,0.000000,0,0,0.000000,0
1771730914531,00007,42.029656,0,12580,0,0,0.000000,0.000000,0,0,0.000000,0
1771730914531,00014,42.029656,0,12580,0,0,0.000000,0.000000,0,0,0.000000,0
1771730914531,00020,42.029656,0,12580,0,0,0.000000,0.000000,0,0,0.000000,0
1771730914531,00013,42.029656,0,12580,2096,200,20960.000000,41.354820,104,1090,1006.000000,96
1771730914531,00002,42.029656,0,12580,0,0,0.000000,0.000000,0,0,0.000000,0
1771730914631,00008,93.037342,0,12589,0,0,0.000000,0.000000,0,0,0.000000,0
1771730914631,00015,93.037342,0,12589,0,0,0.000000,0.000000,0,0,0.000000,0
1771730914631,00011,93.037342,0,12589,0,0,0.000000,0.000000,0,0,0.000000,0
1771730914631,00018,93.037342,0,12589,12,27,120.000000,22.356200,12,5,7.000000,15
1771730914631,00017,93.037342,0,12589,2096,200,20960.000000,658.567714,101,1058,1038.000000,99
1771730914631,00006,93.037342,0,12589,0,0,0.000000,0.000000,0,0,0.000000,0
1771730914631,00012,93.037342,0,12589,0,0,0.000000,0.000000,0,0,0.000000,0
1771730914631,00021,93.037342,0,12589,2096,200,20960.000000,220.633326,85,891,1205.000000,115
1771730914631,00019,93.037342,0,12589,0,0,0.000000,0.000000,0,0,0.000000,0
1771730914631,00004,93.037342,0,12589,1,2,10.000000,23.775280,1,0,1.000000,1
1771730914631,00009,93.037342,0,12589,2096,200,20960.000000,51.631747,102,1069,1027.000000,98
1771730914631,00005,93.037342,0,12589,2096,200,20960.000000,358.441752,98,1027,1069.000000,102
1771730914631,00003,93.037342,0,12589,0,0,0.000000,0.000000,0,0,0.000000,0
1771730914631,00016,93.037342,0,12589,0,0,0.000000,0.000000,0,0,0.000000,0
1771730914631,00001,93.037342,0,12589,2096,200,20960.000000,558.367211,102,1069,1027.000000,98
1771730914631,00010,93.037342,0,12589,0,0,0.000000,0.000000,0,0,0.000000,0
1771730914631,00007,93.037342,0,12589,0,0,0.000000,0.000000,0,0,0.000000,0
1771730914631,00014,93.037342,0,12589,0,0,0.000000,0.000000,0,0,0.000000,0
1771730914631,00020,93.037342,0,12589,0,0,0.000000,0.000000,0,0,0.000000,0
1771730914631,00013,93.037342,0,12589,2096,200,20960.000000,60.010941,104,1090,1006.000000,96
1771730914631,00002,93.037342,0,12589,0,0,0.000000,0.000000,0,0,0.000000,0
1771730914731,00008,159.422018,0,12591,0,0,0.000000,0.000000,0,0,0.000000,0
1771730914731,00015,159.422018,0,12591,0,0,0.000000,0.000000,0,0,0.000000,0
1771730914731,00011,159.422018,0,12591,0,0,0.000000,0.000000,0,0,0.000000,0
1771730914731,00018,159.422018,0,12591,10,22,100.000000,25.742726,11,5,5.000000,11
1771730914731,00017,159.422018,0,12591,2096,200,20960.000000,1394.311931,102,1069,1027.000000,98
1771730914731,00006,159.422018,0,12591,0,0,0.000000,0.000000,0,0,0.000000,0
1771730914731,00012,159.422018,0,12591,0,0,0.000000,0.000000,0,0,0.000000,0
1771730914731,00021,159.422018,0,12591,2096,200,20960.000000,288.269966,80,838,1258.000000,120
1771730914731,00019,159.422018,0,12591,0,0,0.000000,0.000000,0,0,0.000000,0
1771730914731,00004,159.422018,0,12591,0,0,0.000000,0.000000,0,0,0.000000,0
1771730914731,00009,159.422018,0,12591,2096,200,20960.000000,114.882993,96,1006,1090.000000,104
1771730914731,00005,159.422018,0,12591,2096,200,20960.000000,868.549877,105,1100,996.000000,95
1771730914731,00003,159.422018,0,12591,0,0,0.000000,0.000000,0,0,0.000000,0
1771730914731,00016,159.422018,0,12591,0,0,0.000000,0.000000,0,0,0.000000,0
1771730914731,00001,159.422018,0,12591,2096,200,20960.000000,566.347088,107,1121,975.000000,93
1771730914731,00010,159.422018,0,12591,0,0,0.000000,0.000000,0,0,0.000000,0
1771730914731,00007,159.422018,0,12591,0,0,0.000000,0.000000,0,0,0.000000,0
1771730914731,00014,159.422018,0,12591,0,1,0.000000,0.000000,1,0,0.000000,0
1771730914731,00020,159.422018,0,12591,0,0,0.000000,0.000000,0,0,0.000000,0
1771730914731,00013,159.422018,0,12591,2096,200,20960.000000,64.201933,98,1027,1069.000000,102
1771730914731,00002,159.422018,0,12591,5,12,50.000000,25.555858,7,3,2.000000,5
1771730914831,00008,156.777149,0,12608,0,0,0.000000,0.000000,0,0,0.000000,0
1771730914831,00015,156.777149,0,12608,0,0,0.000000,0.000000,0,0,0.000000,0
1771730914831,00011,156.777149,0,12608,0,0,0.000000,0.000000,0,0,0.000000,0
1771730914831,00018,156.777149,0,12608,9,21,90.000000,25.442500,12,5,4.000000,9
1771730914831,00017,156.777149,0,12608,2096,200,20960.000000,558.291682,114,1195,901.000000,86
1771730914831,00006,156.777149,0,12608,0,0,0.000000,0.000000,0,0,0.000000,0
1771730914831,00012,156.777149,0,12608,0,0,0.000000,0.000000,0,0,0.000000,0
1771730914831,00021,156.777149,0,12608,2096,200,20960.000000,520.810104,105,1100,996.000000,95
1771730914831,00019,156.777149,0,12608,0,0,0.000000,0.000000,0,0,0.000000,0
1771730914831,00004,156.777149,0,12608,0,0,0.000000,0.000000,0,0,0.000000,0
1771730914831,00009,156.777149,0,12608,2096,200,20960.000000,140.072673,110,1153,943.000000,90
1771730914831,00005,156.777149,0,12608,2096,200,20960.000000,1517.535986,98,1027,1069.000000,102
1771730914831,00003,156.777149,0,12608,0,0,0.000000,0.000000,0,0,0.000000,0
1771730914831,00016,156.777149,0,12608,0,0,0.000000,0.000000,0,0,0.000000,0
1771730914831,00001,156.777149,0,12608,2096,200,20960.000000,338.310894,104,1090,1006.000000,96
1771730914831,00010,156.777149,0,12608,0,0,0.000000,0.000000,0,0,0.000000,0
1771730914831,00007,156.777149,0,12608,0,0,0.000000,0.000000,0,0,0.000000,0
1771730914831,00014,156.777149,0,12608,13,29,130.000000,36.093836,16,7,6.000000,13
1771730914831,00020,156.777149,0,12608,0,0,0.000000,0.000000,0,0,0.000000,0
1771730914831,00013,156.777149,0,12608,2096,200,20960.000000,129.347590,103,1079,1017.000000,97
1771730914831,00002,156.777149,0,12608,10,23,100.000000,26.414857,12,5,5.000000,11
1771730914931,00008,268.435460,0,12603,0,0,0.000000,0.000000,0,0,0.000000,0
1771730914931,00015,268.435460,0,12603,0,0,0.000000,0.000000,0,0,0.000000,0
1771730914931,00011,268.435460,0,12603,0,0,0.000000,0.000000,0,0,0.000000,0
1771730914931,00018,268.435460,0,12603,10,23,100.000000,25.131465,11,5,5.000000,12
1771730914931,00017,268.435460,0,12603,2096,200,20960.000000,841.038359,95,996,1100.000000,105
1771730914931,00006,268.435460,0,12603,0,0,0.000000,0.000000,0,0,0.000000,0
1771730914931,00012,268.435460,0,12603,0,0,0.000000,0.000000,0,0,0.000000,0
1771730914931,00021,268.435460,0,12603,2096,200,20960.000000,788.951829,105,1100,996.000000,95
1771730914931,00019,268.435460,0,12603,0,0,0.000000,0.000000,0,0,0.000000,0
1771730914931,00004,268.435460,0,12603,0,0,0.000000,0.000000,0,0,0.000000,0
1771730914931,00009,268.435460,0,12603,2096,200,20960.000000,296.918831,102,1069,1027.000000,98
1771730914931,00005,268.435460,0,12603,2096,200,20960.000000,2132.540037,94,985,1111.000000,106
1771730914931,00003,268.435460,0,12603,0,0,0.000000,0.000000,0,0,0.000000,0
1771730914931,00016,268.435460,0,12603,0,0,0.000000,0.000000,0,0,0.000000,0
1771730914931,00001,268.435460,0,12603,2096,200,20960.000000,1275.997126,93,975,1121.000000,107
1771730914931,00010,268.435460,0,12603,0,0,0.000000,0.000000,0,0,0.000000,0
1771730914931,00007,268.435460,0,12603,0,0,0.000000,0.000000,0,0,0.000000,0
1771730914931,00014,268.435460,0,12603,7,17,70.000000,28.297786,10,4,3.000000,7
1771730914931,00020,268.435460,0,12603,0,0,0.000000,0.000000,0,0,0.000000,0
1771730914931,00013,268.435460,0,12603,2096,200,20960.000000,227.442990,96,1006,1090.000000,104
1771730914931,00002,268.435460,0,12603,10,22,100.000000,20.826240,10,4,6.000000,12
1771730915031,00008,230.739470,0,12607,0,0,0.000000,0.000000,0,0,0.000000,0
1771730915031,00015,230.739470,0,12607,0,0,0.000000,0.000000,0,0,0.000000,0
1771730915031,00011,230.739470,0,12607,0,0,0.000000,0.000000,0,0,0.000000,0
1771730915031,00018,230.739470,0,12607,10,22,100.000000,23.816050,9,4,6.000000,13
1771730915031,00017,230.739470,0,12607,2096,200,20960.000000,1513.106500,94,985,1111.000000,106
1771730915031,00006,230.739470,0,12607,0,0,0.000000,0.000000,0,0,0.000000,0
1771730915031,00012,230.739470,0,12607,0,0,0.000000,0.000000,0,0,0.000000,0
1771730915031,00021,230.739470,0,12607,2096,200,20960.000000,866.812180,96,1006,1090.000000,104
1771730915031,00019,230.739470,0,12607,0,0,0.000000,0.000000,0,0,0.000000,0
1771730915031,00004,230.739470,0,12607,0,1,0.000000,9.814540,0,0,0.000000,1
1771730915031,00009,230.739470,0,12607,2096,200,20960.000000,292.159394,90,943,1153.000000,110
1771730915031,00005,230.739470,0,12607,2096,200,20960.000000,1173.251892,110,1153,943.000000,90
1771730915031,00003,230.739470,0,12607,0,0,0.000000,0.000000,0,0,0.000000,0
1771730915031,00016,230.739470,0,12607,0,0,0.000000,0.000000,0,0,0.000000,0
1771730915031,00001,230.739470,0,12607,2096,200,20960.000000,602.371861,97,1017,1079.000000,103
1771730915031,00010,230.739470,0,12607,0,0,0.000000,0.000000,0,0,0.000000,0
1771730915031,00007,230.739470,0,12607,1,2,10.000000,8.564550,1,0,1.000000,1
1771730915031,00014,230.739470,0,12607,11,26,110.000000,49.602783,13,6,5.000000,13
1771730915031,00020,230.739470,0,12607,0,0,0.000000,0.000000,0,0,0.000000,0
1771730915031,00013,230.739470,0,12607,2096,200,20960.000000,279.178024,94,985,1111.000000,106
1771730915031,00002,230.739470,0,12607,9,21,90.000000,26.851093,11,5,4.000000,10
1771730915131,00008,357.631879,0,12609,0,0,0.000000,0.000000,0,0,0.000000,0
1771730915131,00015,357.631879,0,12609,0,0,0.000000,0.000000,0,0,0.000000,0
1771730915131,00011,357.631879,0,12609,0,0,0.000000,0.000000,0,0,0.000000,0
1771730915131,00018,357.631879,0,12609,9,21,90.000000,21.669435,9,4,5.000000,12
1771730915131,00017,357.631879,0,12609,2096,200,20960.000000,2708.844574,97,1017,1079.000000,103
1771730915131,00006,357.631879,0,12609,0,0,0.000000,0.000000,0,0,0.000000,0
1771730915131,00012,357.631879,0,12609,0,0,0.000000,0.000000,0,0,0.000000,0
1771730915131,00021,357.631879,0,12609,2096,200,20960.000000,1652.415896,111,1163,933.000000,89
1771730915131,00019,357.631879,0,12609,0,0,0.000000,0.000000,0,0,0.000000,0
1771730915131,00004,357.631879,0,12609,0,0,0.000000,0.000000,0,0,0.000000,0
1771730915131,00009,357.631879,0,12609,2096,200,20960.000000,395.219610,107,1121,975.000000,93
1771730915131,00005,357.631879,0,12609,2096,200,20960.000000,1532.823946,90,943,1153.000000,110
1771730915131,00003,357.631879,0,12609,0,0,0.000000,0.000000,0,0,0.000000,0
1771730915131,00016,357.631879,0,12609,0,0,0.000000,0.000000,0,0,0.000000,0
1771730915131,00001,357.631879,0,12609,2096,200,20960.000000,777.013456,91,954,1142.000000,109
1771730915131,00010,357.631879,0,12609,0,0,0.000000,0.000000,0,0,0.000000,0
1771730915131,00007,357.631879,0,12609,4,10,40.000000,29.651986,7,3,1.000000,3
1771730915131,00014,357.631879,0,12609,10,22,100.000000,42.363092,14,6,4.000000,8
1771730915131,00020,357.631879,0,12609,0,0,0.000000,0.000000,0,0,0.000000,0
1771730915131,00013,357.631879,0,12609,2096,200,20960.000000,327.682872,95,996,1100.000000,105
1771730915131,00002,357.631879,0,12609,10,22,100.000000,22.584589,8,3,7.000000,14
1771730915231,00008,429.385861,0,12602,0,0,0.000000,0.000000,0,0,0.000000,0
1771730915231,00015,429.385861,0,12602,0,0,0.000000,0.000000,0,0,0.000000,0
1771730915231,00011,429.385861,0,12602,0,0,0.000000,0.000000,0,0,0.000000,0
1771730915231,00018,429.385861,0,12602,10,23,100.000000,24.421217,10,4,6.000000,13
1771730915231,00017,429.385861,0,12602,2096,200,20960.000000,2318.031847,93,975,1121.000000,107
1771730915231,00006,429.385861,0,12602,0,0,0.000000,0.000000,0,0,0.000000,0
1771730915231,00012,429.385861,0,12602,0,0,0.000000,0.000000,0,0,0.000000,0
1771730915231,00021,429.385861,0,12602,2096,200,20960.000000,2237.085374,98,1027,1069.000000,102
1771730915231,00019,429.385861,0,12602,3,8,30.000000,21.499553,4,2,1.000000,4
1771730915231,00004,429.385861,0,12602,0,1,0.000000,34.169620,1,0,0.000000,0
1771730915231,00009,429.385861,0,12602,2096,200,20960.000000,467.408982,112,1174,922.000000,88
1771730915231,00005,429.385861,0,12602,2096,200,20960.000000,1247.970460,109,1142,954.000000,91
1771730915231,00003,429.385861,0,12602,0,0,0.000000,0.000000,0,0,0.000000,0
1771730915231,00016,429.385861,0,12602,0,0,0.000000,0.000000,0,0,0.000000,0
1771730915231,00001,429.385861,0,12602,2096,200,20960.000000,2139.101865,96,1006,1090.000000,104
1771730915231,00010,429.385861,0,12602,0,0,0.000000,0.000000,0,0,0.000000,0
1771730915231,00007,429.385861,0,12602,4,9,40.000000,30.464747,7,3,1.000000,2
1771730915231,00014,429.385861,0,12602,7,17,70.000000,64.357526,12,5,2.000000,5
1771730915231,00020,429.385861,0,12602,0,0,0.000000,0.000000,0,0,0.000000,0
1771730915231,00013,429.385861,0,12602,2096,200,20960.000000,408.198477,103,1079,1017.000000,97
1771730915231,00002,429.385861,0,12602,2,5,20.000000,24.393422,3,1,1.000000,2
1771730915331,00008,495.451719,0,12608,0,0,0.000000,0.000000,0,0,0.000000,0
1771730915331,00015,495.451719,0,12608,0,0,0.000000,0.000000,0,0,0.000000,0
1771730915331,00011,495.451719,0,12608,0,0,0.000000,0.000000,0,0,0.000000,0
1771730915331,00018,495.451719,0,12608,10,22,100.000000,24.341759,7,3,7.000000,15
1771730915331,00017,495.451719,0,12608,2096,200,20960.000000,1152.982915,94,985,1111.000000,106
1771730915331,00006,495.451719,0,12608,0,0,0.000000,0.000000,0,0,0.000000,0
1771730915331,00012,495.451719,0,12608,0,0,0.000000,0.000000,0,0,0.000000,0
1771730915331,00021,495.451719,0,12608,2096,200,20960.000000,2837.518256,104,1090,1006.000000,96
1771730915331,00019,495.451719,0,12608,4,10,40.000000,29.579877,8,3,1.000000,2
1771730915331,00004,495.451719,0,12608,0,0,0.000000,0.000000,0,0,0.000000,0
1771730915331,00009,495.451719,0,12608,2096,200,20960.000000,562.254726,90,943,1153.000000,110
1771730915331,00005,495.451719,0,12608,2096,200,20960.000000,2338.870719,96,1006,1090.000000,104
1771730915331,00003,495.451719,0,12608,0,0,0.000000,0.000000,0,0,0.000000,0
1771730915331,00016,495.451719,0,12608,0,0,0.000000,0.000000,0,0,0.000000,0
1771730915331,00001,495.451719,0,12608,2096,200,20960.000000,2880.238564,95,996,1100.000000,105
1771730915331,00010,495.451719,0,12608,0,0,0.000000,0.000000,0,0,0.000000,0
1771730915331,00007,495.451719,0,12608,6,13,60.000000,22.253340,6,3,3.000000,7
1771730915331,00014,495.451719,0,12608,12,28,120.000000,39.152460,13,6,6.000000,15
1771730915331,00020,495.451719,0,12608,0,0,0.000000,0.000000,0,0,0.000000,0
1771730915331,00013,495.451719,0,12608,2096,200,20960.000000,517.293493,107,1121,975.000000,93
1771730915331,00002,495.451719,0,12608,0,0,0.000000,0.000000,0,0,0.000000,0
1771730915431,00008,440.711024,0,12610,0,0,0.000000,0.000000,0,0,0.000000,0
1771730915431,00015,440.711024,0,12610,0,0,0.000000,0.000000,0,0,0.000000,0
1771730915431,00011,440.711024,0,12610,3,6,30.000000,30.261738,5,2,1.000000,1
1771730915431,00018,440.711024,0,12610,9,21,90.000000,16.956782,6,3,6.000000,15
1771730915431,00017,440.711024,0,12610,2096,200,20960.000000,1555.447758,95,996,1100.000000,105
1771730915431,00006,440.711024,0,12610,0,0,0.000000,0.000000,0,0,0.000000,0
1771730915431,00012,440.711024,0,12610,0,0,0.000000,0.000000,0,0,0.000000,0
1771730915431,00021,440.711024,0,12610,2096,200,20960.000000,1496.820533,111,1163,933.000000,89
1771730915431,00019,440.711024,0,12610,5,11,50.000000,26.691422,7,3,2.000000,4
1771730915431,00004,440.711024,0,12610,0,0,0.000000,0.000000,0,0,0.000000,0
1771730915431,00009,440.711024,0,12610,2096,200,20960.000000,685.786959,100,1048,1048.000000,100
1771730915431,00005,440.711024,0,12610,2096,200,20960.000000,1596.805359,114,1195,901.000000,86
1771730915431,00003,440.711024,0,12610,0,0,0.000000,0.000000,0,0,0.000000,0
1771730915431,00016,440.711024,0,12610,3,6,30.000000,21.512130,3,1,2.000000,3
1771730915431,00001,440.711024,0,12610,2096,200,20960.000000,3109.905360,100,1048,1048.000000,100
1771730915431,00010,440.711024,0,12610,0,0,0.000000,0.000000,0,0,0.000000,0
1771730915431,00007,440.711024,0,12610,5,11,50.000000,22.878366,4,2,3.000000,7
1771730915431,00014,440.711024,0,12610,9,21,90.000000,51.340631,14,6,3.000000,7
1771730915431,00020,440.711024,0,12610,0,0,0.000000,0.000000,0,0,0.000000,0
1771730915431,00013,440.711024,0,12610,2096,200,20960.000000,616.421059,103,1079,1017.000000,97
1771730915431,00002,440.711024,0,12610,0,1,0.000000,24.103410,0,0,0.000000,1
1771730915531,00008,536.035957,0,12621,0,0,0.000000,0.000000,0,0,0.000000,0
1771730915531,00015,536.035957,0,12621,0,0,0.000000,0.000000,0,0,0.000000,0
1771730915531,00011,536.035957,0,12621,5,11,50.000000,19.456302,4,2,3.000000,7
1771730915531,00018,536.035957,0,12621,10,23,100.000000,20.641053,7,3,7.000000,16
1771730915531,00017,536.035957,0,12621,2096,200,20960.000000,1472.406478,113,1184,912.000000,87
1771730915531,00006,536.035957,0,12621,10,23,100.000000,26.303229,13,6,4.000000,10
1771730915531,00012,536.035957,0,12621,0,0,0.000000,0.000000,0,0,0.000000,0
1771730915531,00021,536.035957,0,12621,2096,200,20960.000000,3453.617692,107,1121,975.000000,93
1771730915531,00019,536.035957,0,12621,5,12,50.000000,23.018558,6,3,2.000000,6
1771730915531,00004,536.035957,0,12621,0,0,0.000000,0.000000,0,0,0.000000,0
1771730915531,00009,536.035957,0,12621,2096,200,20960.000000,714.850825,109,1142,954.000000,91
1771730915531,00005,536.035957,0,12621,2096,200,20960.000000,1779.192378,93,975,1121.000000,107
1771730915531,00003,536.035957,0,12621,0,0,0.000000,0.000000,0,0,0.000000,0
1771730915531,00016,536.035957,0,12621,1,3,10.000000,21.322403,1,0,1.000000,2
1771730915531,00001,536.035957,0,12621,2096,200,20960.000000,3000.262488,99,1038,1058.000000,101
1771730915531,00010,536.035957,0,12621,0,0,0.000000,0.000000,0,0,0.000000,0
1771730915531,00007,536.035957,0,12621,4,10,40.000000,18.386983,3,1,3.000000,7
1771730915531,00014,536.035957,0,12621,10,23,100.000000,84.059079,9,4,6.000000,14
1771730915531,00020,536.035957,0,12621,0,0,0.000000,0.000000,0,0,0.000000,0
1771730915531,00013,536.035957,0,12621,2096,200,20960.000000,623.237628,96,1006,1090.000000,104
1771730915531,00002,536.035957,0,12621,0,0,0.000000,0.000000,0,0,0.000000,0
1771730915631,00008,686.007868,0,12612,0,0,0.000000,0.000000,0,0,0.000000,0
1771730915631,00015,686.007868,0,12612,0,0,0.000000,0.000000,0,0,0.000000,0
1771730915631,00011,686.007868,0,12612,4,10,40.000000,22.507851,5,2,2.000000,5
1771730915631,00018,686.007868,0,12612,2,4,20.000000,30.669955,3,1,1.000000,1
1771730915631,00017,686.007868,0,12612,2096,200,20960.000000,1754.881649,90,943,1153.000000,110
1771730915631,00006,686.007868,0,12612,10,22,100.000000,19.479254,7,3,7.000000,15
1771730915631,00012,686.007868,0,12612,1,3,10.000000,16.798590,1,0,1.000000,2
1771730915631,00021,686.007868,0,12612,2096,200,20960.000000,3320.918648,104,1090,1006.000000,96
1771730915631,00019,686.007868,0,12612,4,10,40.000000,29.870902,8,3,1.000000,2
1771730915631,00004,686.007868,0,12612,0,0,0.000000,0.000000,0,0,0.000000,0
1771730915631,00009,686.007868,0,12612,2096,200,20960.000000,950.794542,110,1153,943.000000,90
1771730915631,00005,686.007868,0,12612,2096,200,20960.000000,2270.665213,92,964,1132.000000,108
1771730915631,00003,686.007868,0,12612,0,0,0.000000,0.000000,0,0,0.000000,0
1771730915631,00016,686.007868,0,12612,0,1,0.000000,37.023880,1,0,0.000000,0
1771730915631,00001,686.007868,0,12612,2096,200,20960.000000,4780.056482,84,880,1216.000000,116
1771730915631,00010,686.007868,0,12612,0,0,0.000000,0.000000,0,0,0.000000,0
1771730915631,00007,686.007868,0,12612,6,13,60.000000,19.402423,4,2,4.000000,9
1771730915631,00014,686.007868,0,12612,9,20,90.000000,353.812423,6,3,6.000000,14
1771730915631,00020,686.007868,0,12612,0,0,0.000000,0.000000,0,0,0.000000,0
1771730915631,00013,686.007868,0,12612,2096,200,20960.000000,799.283408,87,912,1184.000000,113
1771730915631,00002,686.007868,0,12612,0,0,0.000000,0.000000,0,0,0.000000,0
1771730915731,00008,820.953641,0,12610,0,0,0.000000,0.000000,0,0,0.000000,0
1771730915731,00015,820.953641,0,12610,4,9,40.000000,24.633066,5,2,2.000000,4
1771730915731,00011,820.953641,0,12610,1,2,10.000000,20.560990,1,0,1.000000,1
1771730915731,00018,820.953641,0,12610,0,0,0.000000,0.000000,0,0,0.000000,0
1771730915731,00017,820.953641,0,12610,2096,200,20960.000000,1990.719588,101,1058,1038.000000,99
1771730915731,00006,820.953641,0,12610,9,21,90.000000,29.807370,13,6,3.000000,8
1771730915731,00012,820.953641,0,12610,0,0,0.000000,0.000000,0,0,0.000000,0
1771730915731,00021,820.953641,0,12610,2096,200,20960.000000,2820.952927,103,1079,1017.000000,97
1771730915731,00019,820.953641,0,12610,5,11,50.000000,27.730425,7,3,2.000000,4
1771730915731,00004,820.953641,0,12610,0,0,0.000000,0.000000,0,0,0.000000,0
1771730915731,00009,820.953641,0,12610,2096,200,20960.000000,912.481540,98,1027,1069.000000,102
1771730915731,00005,820.953641,0,12610,2096,200,20960.000000,2516.262002,102,1069,1027.000000,98
1771730915731,00003,820.953641,0,12610,0,0,0.000000,0.000000,0,0,0.000000,0
1771730915731,00016,820.953641,0,12610,1,3,10.000000,24.206833,2,1,0.000000,1
1771730915731,00001,820.953641,0,12610,2096,200,20960.000000,7776.026878,113,1184,912.000000,87
1771730915731,00010,820.953641,0,12610,2,5,20.000000,15.899420,1,0,2.000000,4
1771730915731,00007,820.953641,0,12610,4,10,40.000000,20.657445,4,2,2.000000,6
1771730915731,00014,820.953641,0,12610,8,19,80.000000,128.580762,12,5,3.000000,7
1771730915731,00020,820.953641,0,12610,0,0,0.000000,0.000000,0,0,0.000000,0
1771730915731,00013,820.953641,0,12610,2096,200,20960.000000,931.507224,102,1069,1027.000000,98
1771730915731,00002,820.953641,0,12610,0,0,0.000000,0.000000,0,0,0.000000,0
1771730915831,00008,945.520736,0,12612,0,0,0.000000,0.000000,0,0,0.000000,0
1771730915831,00015,945.520736,0,12612,5,11,50.000000,19.400564,4,2,3.000000,7
1771730915831,00011,945.520736,0,12612,4,10,40.000000,20.910408,4,2,2.000000,6
1771730915831,00018,945.520736,0,12612,0,1,0.000000,39.169620,1,0,0.000000,0
1771730915831,00017,945.520736,0,12612,2096,200,20960.000000,4615.606821,102,1069,1027.000000,98
1771730915831,00006,945.520736,0,12612,1,2,10.000000,95.065687,2,1,0.000000,0
1771730915831,00012,945.520736,0,12612,0,1,0.000000,7.843050,0,0,0.000000,1
1771730915831,00021,945.520736,0,12612,2096,200,20960.000000,3460.600240,104,1090,1006.000000,96
1771730915831,00019,945.520736,0,12612,5,12,50.000000,20.759894,6,3,2.000000,6
1771730915831,00004,945.520736,0,12612,0,0,0.000000,0.000000,0,0,0.000000,0
1771730915831,00009,945.520736,0,12612,2096,200,20960.000000,1182.585283,112,1174,922.000000,88
1771730915831,00005,945.520736,0,12612,2096,200,20960.000000,2415.483669,97,1017,1079.000000,103
1771730915831,00003,945.520736,0,12612,0,0,0.000000,0.000000,0,0,0.000000,0
1771730915831,00016,945.520736,0,12612,1,2,10.000000,26.989560,1,0,1.000000,1
1771730915831,00001,945.520736,0,12612,2096,200,20960.000000,6646.795188,84,880,1216.000000,116
1771730915831,00010,945.520736,0,12612,10,22,100.000000,19.284390,8,3,7.000000,14
1771730915831,00007,945.520736,0,12612,5,11,50.000000,17.428835,3,1,4.000000,8
1771730915831,00014,945.520736,0,12612,5,11,50.000000,134.019989,5,2,3.000000,6
1771730915831,00020,945.520736,0,12612,0,0,0.000000,0.000000,0,0,0.000000,0
1771730915831,00013,945.520736,0,12612,2096,200,20960.000000,1133.992252,102,1069,1027.000000,98
1771730915831,00002,945.520736,0,12612,0,0,0.000000,0.000000,0,0,0.000000,0
1771730915931,00008,840.128574,0,12612,1,2,10.000000,36.669625,2,1,0.000000,0
1771730915931,00015,840.128574,0,12612,5,12,50.000000,24.152168,7,3,2.000000,5
1771730915931,00011,840.128574,0,12612,5,12,50.000000,30.219709,9,4,1.000000,3
1771730915931,00018,840.128574,0,12612,2,4,20.000000,24.501000,2,1,1.000000,2
1771730915931,00017,840.128574,0,12612,2096,200,20960.000000,2505.431051,96,1006,1090.000000,104
1771730915931,00006,840.128574,0,12612,0,0,0.000000,0.000000,0,0,0.000000,0
1771730915931,00012,840.128574,0,12612,0,0,0.000000,0.000000,0,0,0.000000,0
1771730915931,00021,840.128574,0,12612,2096,200,20960.000000,3421.182235,102,1069,1027.000000,98
1771730915931,00019,840.128574,0,12612,4,10,40.000000,22.355148,4,2,2.000000,6
1771730915931,00004,840.128574,0,12612,0,0,0.000000,0.000000,0,0,0.000000,0
1771730915931,00009,840.128574,0,12612,2096,200,20960.000000,1198.482211,97,1017,1079.000000,103
1771730915931,00005,840.128574,0,12612,2096,200,20960.000000,2594.740668,96,1006,1090.000000,104
1771730915931,00003,840.128574,0,12612,0,0,0.000000,0.000000,0,0,0.000000,0
1771730915931,00016,840.128574,0,12612,1,3,10.000000,16.500973,1,0,1.000000,2
1771730915931,00001,840.128574,0,12612,2096,200,20960.000000,6606.538538,94,985,1111.000000,106
1771730915931,00010,840.128574,0,12612,9,21,90.000000,38.386557,14,6,3.000000,7
1771730915931,00007,840.128574,0,12612,0,0,0.000000,0.000000,0,0,0.000000,0
1771730915931,00014,840.128574,0,12612,9,18,90.000000,135.365087,11,5,4.000000,7
1771730915931,00020,840.128574,0,12612,0,0,0.000000,0.000000,0,0,0.000000,0
1771730915931,00013,840.128574,0,12612,2096,200,20960.000000,988.175090,98,1027,1069.000000,102
1771730915931,00002,840.128574,0,12612,0,0,0.000000,0.000000,0,0,0.000000,0
1771730916031,00008,932.094142,0,12607,0,1,0.000000,8.921690,0,0,0.000000,1
1771730916031,00015,932.094142,0,12607,1,3,10.000000,30.443683,2,1,0.000000,1
1771730916031,00011,932.094142,0,12607,5,11,50.000000,28.971247,8,3,2.000000,3
1771730916031,00018,932.094142,0,12607,10,23,100.000000,21.857533,10,4,6.000000,13
1771730916031,00017,932.094142,0,12607,2096,200,20960.000000,2724.479824,88,922,1174.000000,112
1771730916031,00006,932.094142,0,12607,0,0,0.000000,0.000000,0,0,0.000000,0
1771730916031,00012,932.094142,0,12607,0,0,0.000000,0.000000,0,0,0.000000,0
1771730916031,00021,932.094142,0,12607,2096,200,20960.000000,3585.756752,91,954,1142.000000,109
1771730916031,00019,932.094142,0,12607,5,11,50.000000,19.494977,4,2,3.000000,7
1771730916031,00004,932.094142,0,12607,0,0,0.000000,0.000000,0,0,0.000000,0
1771730916031,00009,932.094142,0,12607,2096,200,20960.000000,1427.166097,104,1090,1006.000000,96
1771730916031,00005,932.094142,0,12607,2096,200,20960.000000,2007.162349,102,1069,1027.000000,98
1771730916031,00003,932.094142,0,12607,0,0,0.000000,0.000000,0,0,0.000000,0
1771730916031,00016,932.094142,0,12607,0,1,0.000000,30.059590,1,0,0.000000,0
1771730916031,00001,932.094142,0,12607,2096,200,20960.000000,8400.165251,106,1111,985.000000,94
1771730916031,00010,932.094142,0,12607,10,23,100.000000,23.792097,12,5,5.000000,11
1771730916031,00007,932.094142,0,12607,0,0,0.000000,0.000000,0,0,0.000000,0
1771730916031,00014,932.094142,0,12607,0,0,0.000000,0.000000,0,0,0.000000,0
1771730916031,00020,932.094142,0,12607,0,0,0.000000,0.000000,0,0,0.000000,0
1771730916031,00013,932.094142,0,12607,2096,200,20960.000000,1265.705900,97,1017,1079.000000,103
1771730916031,00002,932.094142,0,12607,0,0,0.000000,0.000000,0,0,0.000000,0
1771730916131,00008,1011.582136,0,12602,1,3,10.000000,35.837727,3,1,0.000000,0
1771730916131,00015,1011.582136,0,12602,0,0,0.000000,0.000000,0,0,0.000000,0
1771730916131,00011,1011.582136,0,12602,4,10,40.000000,22.149701,5,2,2.000000,5
1771730916131,00018,1011.582136,0,12602,9,21,90.000000,29.374237,15,6,3.000000,6
1771730916131,00017,1011.582136,0,12602,2096,200,20960.000000,6708.984695,102,1069,1027.000000,98
1771730916131,00006,1011.582136,0,12602,0,0,0.000000,0.000000,0,0,0.000000,0
1771730916131,00012,1011.582136,0,12602,0,0,0.000000,0.000000,0,0,0.000000,0
1771730916131,00021,1011.582136,0,12602,2096,200,20960.000000,3533.225644,99,1038,1058.000000,101
1771730916131,00019,1011.582136,0,12602,5,12,50.000000,25.603284,6,3,2.000000,6
1771730916131,00004,1011.582136,0,12602,0,0,0.000000,0.000000,0,0,0.000000,0
1771730916131,00009,1011.582136,0,12602,2096,200,20960.000000,1460.675716,92,964,1132.000000,108
1771730916131,00005,1011.582136,0,12602,2096,200,20960.000000,1277.369979,95,996,1100.000000,105
1771730916131,00003,1011.582136,0,12602,0,0,0.000000,0.000000,0,0,0.000000,0
1771730916131,00016,1011.582136,0,12602,1,3,10.000000,27.001000,2,1,0.000000,1
1771730916131,00001,1011.582136,0,12602,2096,200,20960.000000,6756.828270,101,1058,1038.000000,99
1771730916131,00010,1011.582136,0,12602,6,13,60.000000,25.552939,7,3,3.000000,6
1771730916131,00007,1011.582136,0,12602,0,0,0.000000,0.000000,0,0,0.000000,0
1771730916131,00014,1011.582136,0,12602,0,0,0.000000,0.000000,0,0,0.000000,0
1771730916131,00020,1011.582136,0,12602,0,0,0.000000,0.000000,0,0,0.000000,0
1771730916131,00013,1011.582136,0,12602,2096,200,20960.000000,1340.621666,100,1048,1048.000000,100
1771730916131,00002,1011.582136,0,12602,0,0,0.000000,0.000000,0,0,0.000000,0
1771730916231,00008,885.696206,0,12597,1,2,10.000000,37.387635,2,1,0.000000,0
1771730916231,00015,885.696206,0,12597,0,0,0.000000,0.000000,0,0,0.000000,0
1771730916231,00011,885.696206,0,12597,5,12,50.000000,22.992415,6,3,2.000000,6
1771730916231,00018,885.696206,0,12597,10,22,100.000000,18.854287,8,3,7.000000,14
1771730916231,00017,885.696206,0,12597,2096,200,20960.000000,4790.982270,92,964,1132.000000,108
1771730916231,00006,885.696206,0,12597,0,0,0.000000,0.000000,0,0,0.000000,0
1771730916231,00012,885.696206,0,12597,0,0,0.000000,0.000000,0,0,0.000000,0
1771730916231,00021,885.696206,0,12597,2096,200,20960.000000,3670.858104,112,1174,922.000000,88
1771730916231,00019,885.696206,0,12597,4,10,40.000000,23.417657,6,3,1.000000,4
1771730916231,00004,885.696206,0,12597,0,0,0.000000,0.000000,0,0,0.000000,0
1771730916231,00009,885.696206,0,12597,2096,200,20960.000000,1809.888228,104,1090,1006.000000,96
1771730916231,00005,885.696206,0,12597,2096,200,20960.000000,1569.020562,91,954,1142.000000,109
1771730916231,00003,885.696206,0,12597,0,0,0.000000,0.000000,0,0,0.000000,0
1771730916231,00016,885.696206,0,12597,1,2,10.000000,20.382420,1,0,1.000000,1
1771730916231,00001,885.696206,0,12597,2096,200,20960.000000,5232.538326,99,1038,1058.000000,101
1771730916231,00010,885.696206,0,12597,0,0,0.000000,0.000000,0,0,0.000000,0
1771730916231,00007,885.696206,0,12597,0,0,0.000000,0.000000,0,0,0.000000,0
1771730916231,00014,885.696206,0,12597,0,0,0.000000,0.000000,0,0,0.000000,0
1771730916231,00020,885.696206,0,12597,0,0,0.000000,0.000000,0,0,0.000000,0
1771730916231,00013,885.696206,0,12597,2096,200,20960.000000,1403.298415,86,901,1195.000000,114
1771730916231,00002,885.696206,0,12597,0,0,0.000000,0.000000,0,0,0.000000,0
1771730916331,00008,1046.685647,0,12596,1,3,10.000000,31.671780,2,1,0.000000,1
1771730916331,00015,1046.685647,0,12596,0,0,0.000000,0.000000,0,0,0.000000,0
1771730916331,00011,1046.685647,0,12596,5,11,50.000000,24.643852,6,3,2.000000,5
1771730916331,00018,1046.685647,0,12596,9,21,90.000000,19.344514,8,3,6.000000,13
1771730916331,00017,1046.685647,0,12596,2096,200,20960.000000,8689.965497,96,1006,1090.000000,104
1771730916331,00006,1046.685647,0,12596,0,0,0.000000,0.000000,0,0,0.000000,0
1771730916331,00012,1046.685647,0,12596,0,0,0.000000,0.000000,0,0,0.000000,0
1771730916331,00021,1046.685647,0,12596,2096,200,20960.000000,3682.393163,101,1058,1038.000000,99
1771730916331,00019,1046.685647,0,12596,2,5,20.000000,8.596376,0,0,2.000000,5
1771730916331,00004,1046.685647,0,12596,0,0,0.000000,0.000000,0,0,0.000000,0
1771730916331,00009,1046.685647,0,12596,2096,200,20960.000000,1892.118659,111,1163,933.000000,89
1771730916331,00005,1046.685647,0,12596,2096,200,20960.000000,1791.588245,105,1100,996.000000,95
1771730916331,00003,1046.685647,0,12596,0,0,0.000000,0.000000,0,0,0.000000,0
1771730916331,00016,1046.685647,0,12596,1,3,10.000000,17.335987,1,0,1.000000,2
1771730916331,00001,1046.685647,0,12596,2096,200,20960.000000,4288.294079,93,975,1121.000000,107
1771730916331,00010,1046.685647,0,12596,2,5,20.000000,17.222966,1,0,2.000000,4
1771730916331,00007,1046.685647,0,12596,0,0,0.000000,0.000000,0,0,0.000000,0
1771730916331,00014,1046.685647,0,12596,0,0,0.000000,0.000000,0,0,0.000000,0
1771730916331,00020,1046.685647,0,12596,0,0,0.000000,0.000000,0,0,0.000000,0
1771730916331,00013,1046.685647,0,12596,2096,200,20960.000000,1517.223473,96,1006,1090.000000,104
1771730916331,00002,1046.685647,0,12596,0,0,0.000000,0.000000,0,0,0.000000,0
1771730916431,00008,781.861635,0,12603,0,1,0.000000,25.398987,1,0,0.000000,0
1771730916431,00015,781.861635,0,12603,3,7,30.000000,15.876684,2,1,2.000000,5
1771730916431,00011,781.861635,0,12603,4,10,40.000000,23.328273,5,2,2.000000,5
1771730916431,00018,781.861635,0,12603,10,23,100.000000,23.892853,12,5,5.000000,11
1771730916431,00017,781.861635,0,12603,2096,200,20960.000000,5841.825261,96,1006,1090.000000,104
1771730916431,00006,781.861635,0,12603,0,0,0.000000,0.000000,0,0,0.000000,0
1771730916431,00012,781.861635,0,12603,0,0,0.000000,0.000000,0,0,0.000000,0
1771730916431,00021,781.861635,0,12603,2096,200,20960.000000,3730.163144,113,1184,912.000000,87
1771730916431,00019,781.861635,0,12603,0,0,0.000000,0.000000,0,0,0.000000,0
1771730916431,00004,781.861635,0,12603,0,0,0.000000,0.000000,0,0,0.000000,0
1771730916431,00009,781.861635,0,12603,2096,200,20960.000000,1698.883017,104,1090,1006.000000,96
1771730916431,00005,781.861635,0,12603,2096,200,20960.000000,1331.775690,102,1069,1027.000000,98
1771730916431,00003,781.861635,0,12603,0,0,0.000000,0.000000,0,0,0.000000,0
1771730916431,00016,781.861635,0,12603,0,1,0.000000,9.630930,0,0,0.000000,1
1771730916431,00001,781.861635,0,12603,2096,200,20960.000000,2137.552750,103,1079,1017.000000,97
1771730916431,00010,781.861635,0,12603,10,23,100.000000,21.786203,11,5,5.000000,12
1771730916431,00007,781.861635,0,12603,0,0,0.000000,0.000000,0,0,0.000000,0
1771730916431,00014,781.861635,0,12603,0,0,0.000000,0.000000,0,0,0.000000,0
1771730916431,00020,781.861635,0,12603,0,0,0.000000,0.000000,0,0,0.000000,0
1771730916431,00013,781.861635,0,12603,2096,200,20960.000000,1558.980553,113,1184,912.000000,87
1771730916431,00002,781.861635,0,12603,0,0,0.000000,0.000000,0,0,0.000000,0
1771730916531,00008,938.759121,0,12607,1,2,10.000000,38.459065,2,1,0.000000,0
1771730916531,00015,938.759121,0,12607,5,11,50.000000,28.825699,8,3,2.000000,3
1771730916531,00011,938.759121,0,12607,5,11,50.000000,20.989161,4,2,3.000000,7
1771730916531,00018,938.759121,0,12607,10,22,100.000000,18.805397,8,3,7.000000,14
1771730916531,00017,938.759121,0,12607,2096,200,20960.000000,6429.082362,94,985,1111.000000,106
1771730916531,00006,938.759121,0,12607,0,0,0.000000,0.000000,0,0,0.000000,0
1771730916531,00012,938.759121,0,12607,0,0,0.000000,0.000000,0,0,0.000000,0
1771730916531,00021,938.759121,0,12607,2096,200,20960.000000,5619.714930,86,901,1195.000000,114
1771730916531,00019,938.759121,0,12607,0,0,0.000000,0.000000,0,0,0.000000,0
1771730916531,00004,938.759121,0,12607,0,0,0.000000,0.000000,0,0,0.000000,0
1771730916531,00009,938.759121,0,12607,2096,200,20960.000000,1650.749674,95,996,1100.000000,105
1771730916531,00005,938.759121,0,12607,2096,200,20960.000000,1574.875668,96,1006,1090.000000,104
1771730916531,00003,938.759121,0,12607,0,0,0.000000,0.000000,0,0,0.000000,0
1771730916531,00016,938.759121,0,12607,1,2,10.000000,20.203840,1,0,1.000000,1
1771730916531,00001,938.759121,0,12607,2096,200,20960.000000,2724.811915,106,1111,985.000000,94
1771730916531,00010,938.759121,0,12607,9,21,90.000000,63.411584,9,4,5.000000,12
1771730916531,00007,938.759121,0,12607,0,0,0.000000,0.000000,0,0,0.000000,0
1771730916531,00014,938.759121,0,12607,0,0,0.000000,0.000000,0,0,0.000000,0
1771730916531,00020,938.759121,0,12607,0,0,0.000000,0.000000,0,0,0.000000,0
1771730916531,00013,938.759121,0,12607,2096,200,20960.000000,1524.012254,96,1006,1090.000000,104
1771730916531,00002,938.759121,0,12607,0,0,0.000000,0.000000,0,0,0.000000,0
1771730916631,00008,906.633507,0,12601,1,3,10.000000,29.800393,2,1,0.000000,1
1771730916631,00015,906.633507,0,12601,4,9,40.000000,55.606136,5,2,2.000000,4
1771730916631,00011,906.633507,0,12601,5,12,50.000000,16.466116,3,1,4.000000,9
1771730916631,00018,906.633507,0,12601,9,21,90.000000,23.011767,10,4,5.000000,11
1771730916631,00017,906.633507,0,12601,2096,200,20960.000000,5608.785712,96,1006,1090.000000,104
1771730916631,00006,906.633507,0,12601,0,0,0.000000,0.000000,0,0,0.000000,0
1771730916631,00012,906.633507,0,12601,0,0,0.000000,0.000000,0,0,0.000000,0
1771730916631,00021,906.633507,0,12601,2096,200,20960.000000,5092.701883,114,1195,901.000000,86
1771730916631,00019,906.633507,0,12601,0,0,0.000000,0.000000,0,0,0.000000,0
1771730916631,00004,906.633507,0,12601,0,0,0.000000,0.000000,0,0,0.000000,0
1771730916631,00009,906.633507,0,12601,2096,200,20960.000000,1855.510743,102,1069,1027.000000,98
1771730916631,00005,906.633507,0,12601,2096,200,20960.000000,1586.998056,97,1017,1079.000000,103
1771730916631,00003,906.633507,0,12601,0,0,0.000000,0.000000,0,0,0.000000,0
1771730916631,00016,906.633507,0,12601,0,0,0.000000,0.000000,0,0,0.000000,0
1771730916631,00001,906.633507,0,12601,2096,200,20960.000000,3057.732728,118,1237,859.000000,82
1771730916631,00010,906.633507,0,12601,3,6,30.000000,149.913703,5,2,1.000000,1
1771730916631,00007,906.633507,0,12601,3,6,30.000000,80.643798,3,1,2.000000,3
1771730916631,00014,906.633507,0,12601,0,0,0.000000,0.000000,0,0,0.000000,0
1771730916631,00020,906.633507,0,12601,0,0,0.000000,0.000000,0,0,0.000000,0
1771730916631,00013,906.633507,0,12601,2096,200,20960.000000,1482.132606,92,964,1132.000000,108
1771730916631,00002,906.633507,0,12601,0,0,0.000000,0.000000,0,0,0.000000,0
1771730916731,00008,790.877505,0,12639,0,0,0.000000,0.000000,0,0,0.000000,0
1771730916731,00015,790.877505,0,12639,6,13,60.000000,24.846609,7,3,3.000000,6
1771730916731,00011,790.877505,0,12639,4,10,40.000000,26.860434,7,3,1.000000,3
1771730916731,00018,790.877505,0,12639,10,23,100.000000,24.506208,12,5,5.000000,11
1771730916731,00017,790.877505,0,12639,2096,200,20960.000000,3978.486310,103,1079,1017.000000,97
1771730916731,00006,790.877505,0,12639,0,0,0.000000,0.000000,0,0,0.000000,0
1771730916731,00012,790.877505,0,12639,0,0,0.000000,0.000000,0,0,0.000000,0
1771730916731,00021,790.877505,0,12639,2096,200,20960.000000,4847.810962,95,996,1100.000000,105
1771730916731,00019,790.877505,0,12639,0,0,0.000000,0.000000,0,0,0.000000,0
1771730916731,00004,790.877505,0,12639,0,0,0.000000,0.000000,0,0,0.000000,0
1771730916731,00009,790.877505,0,12639,2096,200,20960.000000,1911.758130,112,1174,922.000000,88
1771730916731,00005,790.877505,0,12639,2096,200,20960.000000,1515.566289,97,1017,1079.000000,103
1771730916731,00003,790.877505,0,12639,0,0,0.000000,0.000000,0,0,0.000000,0
1771730916731,00016,790.877505,0,12639,0,1,0.000000,14.635970,0,0,0.000000,1
1771730916731,00001,790.877505,0,12639,2096,200,20960.000000,2795.739219,115,1205,891.000000,85
1771730916731,00010,790.877505,0,12639,6,15,60.000000,31.304547,6,3,3.000000,9
1771730916731,00007,790.877505,0,12639,5,12,50.000000,39.943942,8,3,2.000000,4
1771730916731,00014,790.877505,0,12639,32,68,320.000000,31.122341,30,14,18.000000,38
1771730916731,00020,790.877505,0,12639,0,0,0.000000,0.000000,0,0,0.000000,0
1771730916731,00013,790.877505,0,12639,2096,200,20960.000000,1365.846655,96,1006,1090.000000,104
1771730916731,00002,790.877505,0,12639,0,0,0.000000,0.000000,0,0,0.000000,0
1771730916831,00008,1045.463661,0,12612,0,0,0.000000,0.000000,0,0,0.000000,0
1771730916831,00015,1045.463661,0,12612,5,11,50.000000,22.350024,6,3,2.000000,5
1771730916831,00011,1045.463661,0,12612,5,11,50.000000,11.375500,1,0,5.000000,10
1771730916831,00018,1045.463661,0,12612,10,22,100.000000,28.681270,14,6,4.000000,8
1771730916831,00017,1045.463661,0,12612,2096,200,20960.000000,7060.237666,94,985,1111.000000,106
1771730916831,00006,1045.463661,0,12612,0,0,0.000000,0.000000,0,0,0.000000,0
1771730916831,00012,1045.463661,0,12612,0,0,0.000000,0.000000,0,0,0.000000,0
1771730916831,00021,1045.463661,0,12612,2096,200,20960.000000,6262.162086,100,1048,1048.000000,100
1771730916831,00019,1045.463661,0,12612,0,0,0.000000,0.000000,0,0,0.000000,0
1771730916831,00004,1045.463661,0,12612,0,0,0.000000,0.000000,0,0,0.000000,0
1771730916831,00009,1045.463661,0,12612,2096,200,20960.000000,2087.410524,107,1121,975.000000,93
1771730916831,00005,1045.463661,0,12612,2096,200,20960.000000,1827.840369,109,1142,954.000000,91
1771730916831,00003,1045.463661,0,12612,0,0,0.000000,0.000000,0,0,0.000000,0
1771730916831,00016,1045.463661,0,12612,1,2,10.000000,23.239560,1,0,1.000000,1
1771730916831,00001,1045.463661,0,12612,2096,200,20960.000000,2910.816098,92,964,1132.000000,108
1771730916831,00010,1045.463661,0,12612,0,0,0.000000,0.000000,0,0,0.000000,0
1771730916831,00007,1045.463661,0,12612,5,11,50.000000,23.601251,5,2,3.000000,6
1771730916831,00014,1045.463661,0,12612,10,22,100.000000,37.108016,11,5,5.000000,11
1771730916831,00020,1045.463661,0,12612,0,0,0.000000,0.000000,0,0,0.000000,0
1771730916831,00013,1045.463661,0,12612,2096,200,20960.000000,1659.914527,94,985,1111.000000,106
1771730916831,00002,1045.463661,0,12612,0,0,0.000000,0.000000,0,0,0.000000,0
1771730916931,00008,1101.256336,0,12604,0,0,0.000000,0.000000,0,0,0.000000,0
1771730916931,00015,1101.256336,0,12604,5,12,50.000000,18.696124,4,2,3.000000,8
1771730916931,00011,1101.256336,0,12604,5,12,50.000000,28.890463,8,3,2.000000,4
1771730916931,00018,1101.256336,0,12604,6,15,60.000000,18.906419,4,2,4.000000,11
1771730916931,00017,1101.256336,0,12604,2096,200,20960.000000,8200.565221,89,933,1163.000000,111
1771730916931,00006,1101.256336,0,12604,0,0,0.000000,0.000000,0,0,0.000000,0
1771730916931,00012,1101.256336,0,12604,0,0,0.000000,0.000000,0,0,0.000000,0
1771730916931,00021,1101.256336,0,12604,2096,200,20960.000000,6997.151581,92,964,1132.000000,108
1771730916931,00019,1101.256336,0,12604,0,0,0.000000,0.000000,0,0,0.000000,0
1771730916931,00004,1101.256336,0,12604,0,0,0.000000,0.000000,0,0,0.000000,0
1771730916931,00009,1101.256336,0,12604,2096,200,20960.000000,2154.778082,101,1058,1038.000000,99
1771730916931,00005,1101.256336,0,12604,2096,200,20960.000000,1920.644107,106,1111,985.000000,94
1771730916931,00003,1101.256336,0,12604,0,0,0.000000,0.000000,0,0,0.000000,0
1771730916931,00016,1101.256336,0,12604,1,3,10.000000,8.023800,0,0,1.000000,3
1771730916931,00001,1101.256336,0,12604,2096,200,20960.000000,1879.330166,111,1163,933.000000,89
1771730916931,00010,1101.256336,0,12604,0,0,0.000000,0.000000,0,0,0.000000,0
1771730916931,00007,1101.256336,0,12604,5,11,50.000000,58.238253,5,2,3.000000,6
1771730916931,00014,1101.256336,0,12604,6,14,60.000000,87.084363,9,4,2.000000,5
1771730916931,00020,1101.256336,0,12604,0,0,0.000000,0.000000,0,0,0.000000,0
1771730916931,00013,1101.256336,0,12604,2096,200,20960.000000,1754.074476,93,975,1121.000000,107
1771730916931,00002,1101.256336,0,12604,0,0,0.000000,0.000000,0,0,0.000000,0
1771730917031,00008,1142.462496,0,12589,0,0,0.000000,0.000000,0,0,0.000000,0
1771730917031,00015,1142.462496,0,12589,4,10,40.000000,21.500135,6,3,1.000000,4
1771730917031,00011,1142.462496,0,12589,4,10,40.000000,27.735431,7,3,1.000000,3
1771730917031,00018,1142.462496,0,12589,0,0,0.000000,0.000000,0,0,0.000000,0
1771730917031,00017,1142.462496,0,12589,2096,200,20960.000000,9943.931667,101,1058,1038.000000,99
1771730917031,00006,1142.462496,0,12589,0,0,0.000000,0.000000,0,0,0.000000,0
1771730917031,00012,1142.462496,0,12589,0,0,0.000000,0.000000,0,0,0.000000,0
1771730917031,00021,1142.462496,0,12589,2096,200,20960.000000,5412.691581,94,985,1111.000000,106
1771730917031,00019,1142.462496,0,12589,0,0,0.000000,0.000000,0,0,0.000000,0
1771730917031,00004,1142.462496,0,12589,0,0,0.000000,0.000000,0,0,0.000000,0
1771730917031,00009,1142.462496,0,12589,2096,200,20960.000000,2452.015783,101,1058,1038.000000,99
1771730917031,00005,1142.462496,0,12589,2096,200,20960.000000,2039.458174,101,1058,1038.000000,99
1771730917031,00003,1142.462496,0,12589,0,0,0.000000,0.000000,0,0,0.000000,0
1771730917031,00016,1142.462496,0,12589,0,1,0.000000,8.739040,0,0,0.000000,1
1771730917031,00001,1142.462496,0,12589,2096,200,20960.000000,1946.397619,81,849,1247.000000,119
1771730917031,00010,1142.462496,0,12589,0,0,0.000000,0.000000,0,0,0.000000,0
1771730917031,00007,1142.462496,0,12589,5,11,50.000000,22.965084,5,2,3.000000,6
1771730917031,00014,1142.462496,0,12589,0,0,0.000000,0.000000,0,0,0.000000,0
1771730917031,00020,1142.462496,0,12589,0,0,0.000000,0.000000,0,0,0.000000,0
1771730917031,00013,1142.462496,0,12589,2096,200,20960.000000,2116.277900,105,1100,996.000000,95
1771730917031,00002,1142.462496,0,12589,0,0,0.000000,0.000000,0,0,0.000000,0
1771730917131,00008,1095.934393,0,12595,0,0,0.000000,0.000000,0,0,0.000000,0
1771730917131,00015,1095.934393,0,12595,5,11,50.000000,20.638544,5,2,3.000000,6
1771730917131,00011,1095.934393,0,12595,5,11,50.000000,23.632032,6,3,2.000000,5
1771730917131,00018,1095.934393,0,12595,2,4,20.000000,37.291915,4,2,0.000000,0
1771730917131,00017,1095.934393,0,12595,2096,200,20960.000000,7565.485516,107,1121,975.000000,93
1771730917131,00006,1095.934393,0,12595,0,0,0.000000,0.000000,0,0,0.000000,0
1771730917131,00012,1095.934393,0,12595,0,0,0.000000,0.000000,0,0,0.000000,0
1771730917131,00021,1095.934393,0,12595,2096,200,20960.000000,6894.270960,94,985,1111.000000,106
1771730917131,00019,1095.934393,0,12595,0,0,0.000000,0.000000,0,0,0.000000,0
1771730917131,00004,1095.934393,0,12595,0,0,0.000000,0.000000,0,0,0.000000,0
1771730917131,00009,1095.934393,0,12595,2096,200,20960.000000,2438.162324,107,1121,975.000000,93
1771730917131,00005,1095.934393,0,12595,2096,200,20960.000000,2054.012489,93,975,1121.000000,107
1771730917131,00003,1095.934393,0,12595,0,0,0.000000,0.000000,0,0,0.000000,0
1771730917131,00016,1095.934393,0,12595,1,2,10.000000,7.492175,0,0,1.000000,2
1771730917131,00001,1095.934393,0,12595,2096,200,20960.000000,1860.626245,90,943,1153.000000,110
1771730917131,00010,1095.934393,0,12595,0,0,0.000000,0.000000,0,0,0.000000,0
1771730917131,00007,1095.934393,0,12595,5,12,50.000000,16.976330,3,1,4.000000,9
1771730917131,00014,1095.934393,0,12595,0,0,0.000000,0.000000,0,0,0.000000,0
1771730917131,00020,1095.934393,0,12595,1,2,10.000000,24.313510,1,0,1.000000,1
1771730917131,00013,1095.934393,0,12595,2096,200,20960.000000,2071.720222,99,1038,1058.000000,101
1771730917131,00002,1095.934393,0,12595,0,0,0.000000,0.000000,0,0,0.000000,0
1771730917231,00008,1180.322488,0,12602,0,0,0.000000,0.000000,0,0,0.000000,0
1771730917231,00015,1180.322488,0,12602,5,12,50.000000,15.611427,2,1,4.000000,10
1771730917231,00011,1180.322488,0,12602,5,12,50.000000,23.256845,7,3,2.000000,5
1771730917231,00018,1180.322488,0,12602,10,22,100.000000,22.562089,10,4,6.000000,12
1771730917231,00017,1180.322488,0,12602,2096,200,20960.000000,8210.890651,112,1174,922.000000,88
1771730917231,00006,1180.322488,0,12602,0,0,0.000000,0.000000,0,0,0.000000,0
1771730917231,00012,1180.322488,0,12602,0,0,0.000000,0.000000,0,0,0.000000,0
1771730917231,00021,1180.322488,0,12602,2096,200,20960.000000,6799.940898,95,996,1100.000000,105
1771730917231,00019,1180.322488,0,12602,0,0,0.000000,0.000000,0,0,0.000000,0
1771730917231,00004,1180.322488,0,12602,0,0,0.000000,0.000000,0,0,0.000000,0
1771730917231,00009,1180.322488,0,12602,2096,200,20960.000000,2519.777640,101,1058,1038.000000,99
1771730917231,00005,1180.322488,0,12602,2096,200,20960.000000,2055.831590,92,964,1132.000000,108
1771730917231,00003,1180.322488,0,12602,0,0,0.000000,0.000000,0,0,0.000000,0
1771730917231,00016,1180.322488,0,12602,1,3,10.000000,21.560497,1,0,1.000000,2
1771730917231,00001,1180.322488,0,12602,2096,200,20960.000000,3073.989874,102,1069,1027.000000,98
1771730917231,00010,1180.322488,0,12602,0,0,0.000000,0.000000,0,0,0.000000,0
1771730917231,00007,1180.322488,0,12602,4,10,40.000000,16.676232,3,1,3.000000,7
1771730917231,00014,1180.322488,0,12602,0,0,0.000000,0.000000,0,0,0.000000,0
1771730917231,00020,1180.322488,0,12602,1,3,10.000000,21.446580,1,0,1.000000,2
1771730917231,00013,1180.322488,0,12602,2096,200,20960.000000,2005.227926,102,1069,1027.000000,98
1771730917231,00002,1180.322488,0,12602,0,0,0.000000,0.000000,0,0,0.000000,0
1771730917331,00008,1079.816522,0,12605,0,0,0.000000,0.000000,0,0,0.000000,0
1771730917331,00015,1079.816522,0,12605,4,10,40.000000,20.646799,5,2,2.000000,5
1771730917331,00011,1079.816522,0,12605,1,3,10.000000,35.882176,3,1,0.000000,0
1771730917331,00018,1079.816522,0,12605,10,23,100.000000,25.776264,12,5,5.000000,11
1771730917331,00017,1079.816522,0,12605,2096,200,20960.000000,3850.003080,105,1100,996.000000,95
1771730917331,00006,1079.816522,0,12605,0,0,0.000000,0.000000,0,0,0.000000,0
1771730917331,00012,1079.816522,0,12605,0,0,0.000000,0.000000,0,0,0.000000,0
1771730917331,00021,1079.816522,0,12605,2096,200,20960.000000,10286.314529,100,1048,1048.000000,100
1771730917331,00019,1079.816522,0,12605,3,7,30.000000,18.044437,2,1,2.000000,5
1771730917331,00004,1079.816522,0,12605,0,1,0.000000,11.600260,0,0,0.000000,1
1771730917331,00009,1079.816522,0,12605,2096,200,20960.000000,2219.882391,95,996,1100.000000,105
1771730917331,00005,1079.816522,0,12605,2096,200,20960.000000,1910.119397,89,933,1163.000000,111
1771730917331,00003,1079.816522,0,12605,5,11,50.000000,91.959031,4,2,3.000000,7
1771730917331,00016,1079.816522,0,12605,0,1,0.000000,39.161700,1,0,0.000000,0
1771730917331,00001,1079.816522,0,12605,2096,200,20960.000000,2201.482645,96,1006,1090.000000,104
1771730917331,00010,1079.816522,0,12605,0,0,0.000000,0.000000,0,0,0.000000,0
1771730917331,00007,1079.816522,0,12605,5,11,50.000000,21.502622,5,2,3.000000,6
1771730917331,00014,1079.816522,0,12605,0,0,0.000000,0.000000,0,0,0.000000,0
1771730917331,00020,1079.816522,0,12605,1,2,10.000000,22.887515,1,0,1.000000,1
1771730917331,00013,1079.816522,0,12605,2096,200,20960.000000,1920.884114,100,1048,1048.000000,100
1771730917331,00002,1079.816522,0,12605,0,1,0.000000,0.000000,0,0,0.000000,1
1771730917431,00008,852.814666,0,12618,0,0,0.000000,0.000000,0,0,0.000000,0
1771730917431,00015,852.814666,0,12618,5,11,50.000000,17.923724,4,2,3.000000,7
1771730917431,00011,852.814666,0,12618,0,0,0.000000,0.000000,0,0,0.000000,0
1771730917431,00018,852.814666,0,12618,9,21,90.000000,24.898392,12,5,4.000000,9
1771730917431,00017,852.814666,0,12618,2096,200,20960.000000,4092.868017,99,1038,1058.000000,101
1771730917431,00006,852.814666,0,12618,0,0,0.000000,0.000000,0,0,0.000000,0
1771730917431,00012,852.814666,0,12618,0,0,0.000000,0.000000,0,0,0.000000,0
1771730917431,00021,852.814666,0,12618,2096,200,20960.000000,5507.058880,98,1027,1069.000000,102
1771730917431,00019,852.814666,0,12618,5,11,50.000000,17.678409,4,2,3.000000,7
1771730917431,00004,852.814666,0,12618,1,3,10.000000,11.540107,0,0,1.000000,3
1771730917431,00009,852.814666,0,12618,2096,200,20960.000000,2251.214488,96,1006,1090.000000,104
1771730917431,00005,852.814666,0,12618,2096,200,20960.000000,1959.555149,99,1038,1058.000000,101
1771730917431,00003,852.814666,0,12618,4,10,40.000000,24.654962,4,2,2.000000,6
1771730917431,00016,852.814666,0,12618,1,2,10.000000,22.971695,1,0,1.000000,1
1771730917431,00001,852.814666,0,12618,2096,200,20960.000000,2119.493319,100,1048,1048.000000,100
1771730917431,00010,852.814666,0,12618,0,0,0.000000,0.000000,0,0,0.000000,0
1771730917431,00007,852.814666,0,12618,5,11,50.000000,21.558385,5,2,3.000000,6
1771730917431,00014,852.814666,0,12618,0,0,0.000000,0.000000,0,0,0.000000,0
1771730917431,00020,852.814666,0,12618,2,5,20.000000,23.162082,2,1,1.000000,3
1771730917431,00013,852.814666,0,12618,2096,200,20960.000000,1795.533466,97,1017,1079.000000,103
1771730917431,00002,852.814666,0,12618,10,22,100.000000,18.996913,9,4,6.000000,13
1771730917531,00008,1425.875331,0,12612,0,0,0.000000,0.000000,0,0,0.000000,0
1771730917531,00015,1425.875331,0,12612,5,12,50.000000,21.633887,5,2,3.000000,7
1771730917531,00011,1425.875331,0,12612,0,0,0.000000,0.000000,0,0,0.000000,0
1771730917531,00018,1425.875331,0,12612,10,22,100.000000,23.147891,10,4,6.000000,12
1771730917531,00017,1425.875331,0,12612,2096,200,20960.000000,14999.990028,115,1205,891.000000,85
1771730917531,00006,1425.875331,0,12612,0,0,0.000000,0.000000,0,0,0.000000,0
1771730917531,00012,1425.875331,0,12612,0,0,0.000000,0.000000,0,0,0.000000,0
1771730917531,00021,1425.875331,0,12612,2096,200,20960.000000,5823.489898,94,985,1111.000000,106
1771730917531,00019,1425.875331,0,12612,5,12,50.000000,20.690188,6,3,2.000000,6
1771730917531,00004,1425.875331,0,12612,1,2,10.000000,59.012550,0,0,1.000000,2
1771730917531,00009,1425.875331,0,12612,2096,200,20960.000000,2407.682253,98,1027,1069.000000,102
1771730917531,00005,1425.875331,0,12612,2096,200,20960.000000,2140.724827,100,1048,1048.000000,100
1771730917531,00003,1425.875331,0,12612,5,11,50.000000,110.777559,4,2,3.000000,7
1771730917531,00016,1425.875331,0,12612,1,3,10.000000,25.514590,2,1,0.000000,1
1771730917531,00001,1425.875331,0,12612,2096,200,20960.000000,2216.263460,90,943,1153.000000,110
1771730917531,00010,1425.875331,0,12612,0,0,0.000000,0.000000,0,0,0.000000,0
1771730917531,00007,1425.875331,0,12612,5,11,50.000000,27.951689,6,3,2.000000,5
1771730917531,00014,1425.875331,0,12612,0,0,0.000000,0.000000,0,0,0.000000,0
1771730917531,00020,1425.875331,0,12612,1,3,10.000000,23.409190,1,0,1.000000,2
1771730917531,00013,1425.875331,0,12612,2096,200,20960.000000,2011.666018,104,1090,1006.000000,96
1771730917531,00002,1425.875331,0,12612,3,8,30.000000,31.427928,5,2,1.000000,3
1771730917631,00008,1260.463896,0,12606,0,0,0.000000,0.000000,0,0,0.000000,0
1771730917631,00015,1260.463896,0,12606,4,10,40.000000,17.722937,4,2,2.000000,6
1771730917631,00011,1260.463896,0,12606,0,0,0.000000,0.000000,0,0,0.000000,0
1771730917631,00018,1260.463896,0,12606,10,23,100.000000,32.445762,13,6,4.000000,10
1771730917631,00017,1260.463896,0,12606,2096,200,20960.000000,10925.463428,100,1048,1048.000000,100
1771730917631,00006,1260.463896,0,12606,0,0,0.000000,0.000000,0,0,0.000000,0
1771730917631,00012,1260.463896,0,12606,0,0,0.000000,0.000000,0,0,0.000000,0
1771730917631,00021,1260.463896,0,12606,2096,200,20960.000000,6128.568855,109,1142,954.000000,91
1771730917631,00019,1260.463896,0,12606,4,10,40.000000,23.470152,5,2,2.000000,5
1771730917631,00004,1260.463896,0,12606,1,3,10.000000,27.778260,2,1,0.000000,1
1771730917631,00009,1260.463896,0,12606,2096,200,20960.000000,2760.448968,102,1069,1027.000000,98
1771730917631,00005,1260.463896,0,12606,2096,200,20960.000000,2408.777805,107,1121,975.000000,93
1771730917631,00003,1260.463896,0,12606,5,12,50.000000,17.675170,3,1,4.000000,9
1771730917631,00016,1260.463896,0,12606,1,3,10.000000,25.393947,2,1,0.000000,1
1771730917631,00001,1260.463896,0,12606,2096,200,20960.000000,1928.353817,100,1048,1048.000000,100
1771730917631,00010,1260.463896,0,12606,0,0,0.000000,0.000000,0,0,0.000000,0
1771730917631,00007,1260.463896,0,12606,4,10,40.000000,20.807348,4,2,2.000000,6
1771730917631,00014,1260.463896,0,12606,0,0,0.000000,0.000000,0,0,0.000000,0
1771730917631,00020,1260.463896,0,12606,1,3,10.000000,12.494167,0,0,1.000000,3
1771730917631,00013,1260.463896,0,12606,2096,200,20960.000000,2140.341203,101,1058,1038.000000,99
1771730917631,00002,1260.463896,0,12606,0,0,0.000000,0.000000,0,0,0.000000,0
1771730917731,00008,1378.057591,0,12607,0,0,0.000000,0.000000,0,0,0.000000,0
1771730917731,00015,1378.057591,0,12607,5,11,50.000000,23.011420,5,2,3.000000,6
1771730917731,00011,1378.057591,0,12607,2,4,20.000000,20.649555,2,1,1.000000,2
1771730917731,00018,1378.057591,0,12607,9,21,90.000000,30.733555,11,5,4.000000,10
1771730917731,00017,1378.057591,0,12607,2096,200,20960.000000,12303.632037,93,975,1121.000000,107
1771730917731,00006,1378.057591,0,12607,0,0,0.000000,0.000000,0,0,0.000000,0
1771730917731,00012,1378.057591,0,12607,0,0,0.000000,0.000000,0,0,0.000000,0
1771730917731,00021,1378.057591,0,12607,2096,200,20960.000000,6563.671715,98,1027,1069.000000,102
1771730917731,00019,1378.057591,0,12607,5,11,50.000000,22.326828,5,2,3.000000,6
1771730917731,00004,1378.057591,0,12607,0,1,0.000000,16.421690,0,0,0.000000,1
1771730917731,00009,1378.057591,0,12607,2096,200,20960.000000,2904.795340,90,943,1153.000000,110
1771730917731,00005,1378.057591,0,12607,2096,200,20960.000000,2202.409215,89,933,1163.000000,111
1771730917731,00003,1378.057591,0,12607,4,10,40.000000,27.852177,8,3,1.000000,2
1771730917731,00016,1378.057591,0,12607,0,1,0.000000,31.666740,1,0,0.000000,0
1771730917731,00001,1378.057591,0,12607,2096,200,20960.000000,2305.895901,103,1079,1017.000000,97
1771730917731,00010,1378.057591,0,12607,0,0,0.000000,0.000000,0,0,0.000000,0
1771730917731,00007,1378.057591,0,12607,6,13,60.000000,30.233026,9,4,2.000000,4
1771730917731,00014,1378.057591,0,12607,0,0,0.000000,0.000000,0,0,0.000000,0
1771730917731,00020,1378.057591,0,12607,0,1,0.000000,9.993110,0,0,0.000000,1
1771730917731,00013,1378.057591,0,12607,2096,200,20960.000000,2406.742174,113,1184,912.000000,87
1771730917731,00002,1378.057591,0,12607,0,1,0.000000,39.174930,1,0,0.000000,0
