% start	end	CellId	IMSI	RNTI	LCID	nTxPDUs	TxBytes	nRxPDUs	RxBytes	delay	stdDev	min	max	PduSize	stdDev	min	max
0.1	0.2	8	1	1	3	247	217298	261	185100	0.00104065	0.000616971	0	0.003	709.195	1667.95	87	9422	
0.1	0.2	3	2	1	3	4	68	6	132	0.000126785	0.000310559	0	0.000760712	22	30.9839	2	62	
0.1	0.2	7	3	1	3	6	74	7	76	0.000232652	0.000397463	0	0.00083214	10.8571	18.0317	2	50	
0.1	0.2	2	4	1	3	4	68	4	68	0.00075	0.0015	0	0.003	17	30	2	62	
0.1	0.2	3	5	2	3	257	176454	281	175950	0.000968274	0.000569347	0	0.003	626.157	1867.51	31	9422	
0.1	0.2	2	6	2	3	4	68	4	68	0.000190178	0.000380356	0	0.000760712	17	30	2	62	
0.1	0.2	2	7	3	3	4	68	4	68	0.000199107	0.000398213	0	0.000796426	17	30	2	62	
0.1	0.2	4	8	1	3	3	66	3	66	0.000473809	0.000820661	0	0.00142143	22	34.641	2	62	
0.1	0.2	5	9	1	3	242	231107	252	227245	0.00112432	0.000615468	0	0.003	901.766	1738.78	16	9422	
0.1	0.2	2	10	4	3	4	68	4	68	0.000350893	0.000701785	0	0.00140357	17	30	2	62	
0.1	0.2	6	11	1	3	4	68	4	68	0.00075	0.0015	0	0.003	17	30	2	62	
0.1	0.2	6	12	2	3	4	68	4	68	0.00075	0.0015	0	0.003	17	30	2	62	
0.1	0.2	1	13	5	3	109	228494	109	228494	0.00101484	0.000734138	0.000671427	0.003	2096.28	2314.11	105	9422	
0.1	0.2	7	14	2	3	4	68	5	70	0.0006	0.00134164	0	0.003	14	26.8328	2	62	
0.1	0.2	7	15	3	3	4	68	4	68	0.00075	0.0015	0	0.003	17	30	2	62	
0.1	0.2	5	16	2	3	3	66	3	66	0.000253571	0.000439197	0	0.000760712	22	34.641	2	62	
0.1	0.2	3	17	3	3	252	158490	282	153949	0.00101066	0.000542835	0	0.003	545.918	1490.04	31	9422	
0.1	0.2	8	18	2	3	4	68	4	68	0.00075	0.0015	0	0.003	17	30	2	62	
0.1	0.2	8	19	3	3	4	68	4	68	0.00075	0.0015	0	0.003	17	30	2	62	
0.1	0.2	2	20	19	3	4	68	4	68	0.00075	0.0015	0	0.003	17	30	2	62	
0.1	0.2	7	21	4	3	273	222699	280	223756	0.000976056	0.000528182	0	0.003	799.129	1611.33	46	9422	
0.2	0.3	8	1	1	3	529	488766	563	429512	0.00102843	0.00063963	0	0.003	762.899	1673.58	42	9422	
0.2	0.3	3	2	1	3	4	68	6	132	0.000126785	0.000310559	0	0.000760712	22	30.9839	2	62	
0.2	0.3	7	3	1	3	6	74	7	76	0.000232652	0.000397463	0	0.00083214	10.8571	18.0317	2	50	
0.2	0.3	2	4	1	3	4	68	4	68	0.00075	0.0015	0	0.003	17	30	2	62	
0.2	0.3	3	5	2	3	547	386156	623	390520	0.000943319	0.000577193	0	0.003	626.838	1818.08	7	9422	
0.2	0.3	2	6	2	3	4	68	4	68	0.000190178	0.000380356	0	0.000760712	17	30	2	62	
0.2	0.3	2	7	3	3	4	68	4	68	0.000199107	0.000398213	0	0.000796426	17	30	2	62	
0.2	0.3	4	8	1	3	3	66	3	66	0.000473809	0.000820661	0	0.00142143	22	34.641	2	62	
0.2	0.3	5	9	1	3	428	486509	448	485637	0.00108558	0.000652739	0	0.003	1084.01	1994.79	16	9422	
0.2	0.3	2	10	4	3	4	68	4	68	0.000350893	0.000701785	0	0.00140357	17	30	2	62	
0.2	0.3	6	11	1	3	4	68	4	68	0.00075	0.0015	0	0.003	17	30	2	62	
0.2	0.3	6	12	2	3	4	68	4	68	0.00075	0.0015	0	0.003	17	30	2	62	
0.2	0.3	1	13	5	3	224	485016	224	485016	0.00103643	0.000759042	0.000671427	0.003	2165.25	2377.69	105	9422	
0.2	0.3	7	14	2	3	4	68	5	70	0.0006	0.00134164	0	0.003	14	26.8328	2	62	
0.2	0.3	7	15	3	3	4	68	4	68	0.00075	0.0015	0	0.003	17	30	2	62	
0.2	0.3	5	16	2	3	3	66	3	66	0.000253571	0.000439197	0	0.000760712	22	34.641	2	62	
0.2	0.3	1	17	3	3	563	392131	625	402606	0.000987695	0.000545198	0	0.003	644.17	1773.64	10	9422	
0.2	0.3	8	18	2	3	18	607	17	605	0.000950629	0.00122728	0	0.003	35.5882	42.9754	2	169	
0.2	0.3	8	19	3	3	4	68	4	68	0.00075	0.0015	0	0.003	17	30	2	62	
0.2	0.3	2	20	19	3	4	68	4	68	0.00075	0.0015	0	0.003	17	30	2	62	
0.2	0.3	7	21	4	3	583	495111	594	489919	0.00102361	0.000559366	0	0.003	824.779	1695.17	25	9422	
0.3	0.4	8	1	15	3	603	651725	833	640611	0.000818614	0.000741893	0	0.003	769.041	1767.19	9	9422	
0.3	0.4	3	2	1	3	4	68	6	132	0.000126785	0.000310559	0	0.000760712	22	30.9839	2	62	
0.3	0.4	7	3	1	3	6	74	7	76	0.000232652	0.000397463	0	0.00083214	10.8571	18.0317	2	50	
0.3	0.4	1	4	10	3	8	188	8	188	0.000829464	0.00135752	0	0.003	23.5	29.6985	2	62	
0.3	0.4	3	5	2	3	809	754736	914	775715	0.000949642	0.000570575	0	0.003	848.704	1833.63	7	9422	
0.3	0.4	2	6	2	3	4	68	4	68	0.000190178	0.000380356	0	0.000760712	17	30	2	62	
0.3	0.4	2	7	3	3	4	68	4	68	0.000199107	0.000398213	0	0.000796426	17	30	2	62	
0.3	0.4	4	8	1	3	3	66	3	66	0.000473809	0.000820661	0	0.00142143	22	34.641	2	62	
0.3	0.4	5	9	1	3	639	747182	667	759205	0.00108515	0.000653769	0	0.003	1138.24	2063.9	16	9422	
0.3	0.4	2	10	4	3	4	68	4	68	0.000350893	0.000701785	0	0.00140357	17	30	2	62	
0.3	0.4	6	11	1	3	4	68	4	68	0.00075	0.0015	0	0.003	17	30	2	62	
0.3	0.4	6	12	2	3	4	68	4	68	0.00075	0.0015	0	0.003	17	30	2	62	
0.3	0.4	1	13	5	3	335	747372	335	747372	0.00103948	0.00076361	0.000635713	0.003	2230.96	2505.35	36	9422	
0.3	0.4	7	14	2	3	4	68	5	70	0.0006	0.00134164	0	0.003	14	26.8328	2	62	
0.3	0.4	7	15	3	3	4	68	4	68	0.00075	0.0015	0	0.003	17	30	2	62	
0.3	0.4	5	16	2	3	3	66	3	66	0.000253571	0.000439197	0	0.000760712	22	34.641	2	62	
0.3	0.4	3	17	5	3	742	700636	898	732565	0.000909957	0.000602264	0	0.003	815.774	1817.8	10	9422	
0.3	0.4	8	18	2	3	46	2174	44	2114	0.00128709	0.00127687	0	0.003	48.0455	53.5567	2	280	
0.3	0.4	8	19	3	3	4	68	4	68	0.00075	0.0015	0	0.003	17	30	2	62	
0.3	0.4	2	20	19	3	4	68	4	68	0.00075	0.0015	0	0.003	17	30	2	62	
0.3	0.4	7	21	4	3	920	692293	952	697432	0.00101006	0.000556222	0	0.003	732.597	1646.1	5	9422	
0.4	0.5	8	1	15	3	617	783633	1172	877107	0.000615107	0.000767464	0	0.003	748.385	1765.35	9	9422	
0.4	0.5	3	2	1	3	23	780	27	960	0.0010213	0.00126618	0	0.003	35.5556	28.2207	2	62	
0.4	0.5	7	3	1	3	6	74	7	76	0.000232652	0.000397463	0	0.00083214	10.8571	18.0317	2	50	
0.4	0.5	1	4	10	3	8	188	8	188	0.000829464	0.00135752	0	0.003	23.5	29.6985	2	62	
0.4	0.5	1	5	2	3	1035	1010513	1169	1045037	0.000956187	0.000575049	0	0.003	893.958	1880.44	7	9422	
0.4	0.5	2	6	2	3	4	68	4	68	0.000190178	0.000380356	0	0.000760712	17	30	2	62	
0.4	0.5	2	7	3	3	4	68	4	68	0.000199107	0.000398213	0	0.000796426	17	30	2	62	
0.4	0.5	4	8	1	3	3	66	3	66	0.000473809	0.000820661	0	0.00142143	22	34.641	2	62	
0.4	0.5	5	9	1	3	766	1009494	820	1055681	0.00111211	0.000682459	0	0.003	1287.42	2137.97	16	9422	
0.4	0.5	2	10	4	3	4	68	4	68	0.000350893	0.000701785	0	0.00140357	17	30	2	62	
0.4	0.5	6	11	1	3	4	68	4	68	0.00075	0.0015	0	0.003	17	30	2	62	
0.4	0.5	6	12	2	3	4	68	4	68	0.00075	0.0015	0	0.003	17	30	2	62	
0.4	0.5	2	13	5	3	452	1005343	451	995921	0.00102824	0.000750894	0.000635713	0.003	2208.25	2478.84	36	9422	
0.4	0.5	7	14	2	3	7	74	8	76	0.000375	0.00106066	0	0.003	9.5	21.2132	2	62	
0.4	0.5	7	15	3	3	4	68	4	68	0.00075	0.0015	0	0.003	17	30	2	62	
0.4	0.5	5	16	2	3	3	66	3	66	0.000253571	0.000439197	0	0.000760712	22	34.641	2	62	
0.4	0.5	3	17	5	3	755	823122	1249	1033662	0.000687863	0.000695656	0	0.003	827.592	1806.11	10	9422	
0.4	0.5	8	18	4	3	73	3404	75	3520	0.00128452	0.00126327	0	0.003	46.9333	45.4718	2	280	
0.4	0.5	8	19	3	3	4	68	4	68	0.00075	0.0015	0	0.003	17	30	2	62	
0.4	0.5	2	20	19	3	4	68	4	68	0.00075	0.0015	0	0.003	17	30	2	62	
0.4	0.5	7	21	4	3	1274	931683	1330	939024	0.000987734	0.000558414	0	0.00383214	706.033	1590.05	5	9422	
0.5	0.6	8	1	15	3	627	877853	1520	1102736	0.00049599	0.00075166	0	0.003	725.484	1729.08	6	9422	
0.5	0.6	1	2	1	3	52	2131	58	2371	0.00122327	0.00128774	0	0.003	40.8793	34.2847	2	164	
0.5	0.6	7	3	1	3	6	74	7	76	0.000232652	0.000397463	0	0.00083214	10.8571	18.0317	2	50	
0.5	0.6	1	4	10	3	8	188	8	188	0.000829464	0.00135752	0	0.003	23.5	29.6985	2	62	
0.5	0.6	3	5	12	3	1051	1117277	1455	1288933	0.000792445	0.000661523	0	0.003	885.865	1839.25	7	9422	
0.5	0.6	2	6	2	3	4	68	4	68	0.000190178	0.000380356	0	0.000760712	17	30	2	62	
0.5	0.6	2	7	3	3	4	68	4	68	0.000199107	0.000398213	0	0.000796426	17	30	2	62	
0.5	0.6	4	8	1	3	3	66	3	66	0.000473809	0.000820661	0	0.00142143	22	34.641	2	62	
0.5	0.6	5	9	1	3	878	1231452	951	1299940	0.00112562	0.00069149	0	0.003	1366.92	2172.34	16	9422	
0.5	0.6	2	10	4	3	4	68	4	68	0.000350893	0.000701785	0	0.00140357	17	30	2	62	
0.5	0.6	6	11	1	3	4	68	4	68	0.00075	0.0015	0	0.003	17	30	2	62	
0.5	0.6	6	12	2	3	4	68	4	68	0.00075	0.0015	0	0.003	17	30	2	62	
0.5	0.6	2	13	5	3	559	1227021	559	1227021	0.00101752	0.000738509	0.000635713	0.003	2195.03	2473.87	36	9422	
0.5	0.6	8	14	18	3	44	1779	45	1781	0.00136024	0.00132969	0	0.003	39.5778	32.4026	2	122	
0.5	0.6	7	15	3	3	4	68	4	68	0.00075	0.0015	0	0.003	17	30	2	62	
0.5	0.6	5	16	2	3	3	66	3	66	0.000253571	0.000439197	0	0.000760712	22	34.641	2	62	
0.5	0.6	3	17	3	3	1062	986749	1614	1204131	0.000723168	0.000661605	0	0.003	746.054	1764.38	10	9422	
0.5	0.6	8	18	4	3	98	4687	101	4861	0.00130859	0.00126278	0	0.003	48.1287	45.9762	2	280	
0.5	0.6	8	19	3	3	4	68	4	68	0.00075	0.0015	0	0.003	17	30	2	62	
0.5	0.6	2	20	19	3	4	68	4	68	0.00075	0.0015	0	0.003	17	30	2	62	
0.5	0.6	7	21	4	3	1594	1172522	1678	1163446	0.000972912	0.00055423	0	0.00383214	693.353	1570.21	5	9422	
0.6	0.7	8	1	15	3	793	1079983	1784	1332262	0.000527461	0.000747174	0	0.003	746.784	1753.56	6	9422	
0.6	0.7	1	2	21	3	82	3423	87	3549	0.00120472	0.00125529	0	0.003	40.7931	31.7084	2	164	
0.6	0.7	7	3	1	3	6	74	7	76	0.000232652	0.000397463	0	0.00083214	10.8571	18.0317	2	50	
0.6	0.7	1	4	10	3	8	188	8	188	0.000829464	0.00135752	0	0.003	23.5	29.6985	2	62	
0.6	0.7	3	5	2	3	1075	1230671	1817	1551342	0.000659954	0.000694369	0	0.003	853.793	1800.35	7	9422	
0.6	0.7	2	6	2	3	4	68	4	68	0.000190178	0.000380356	0	0.000760712	17	30	2	62	
0.6	0.7	2	7	3	3	4	68	4	68	0.000199107	0.000398213	0	0.000796426	17	30	2	62	
0.6	0.7	4	8	1	3	3	66	3	66	0.000473809	0.000820661	0	0.00142143	22	34.641	2	62	
0.6	0.7	5	9	1	3	993	1474626	1077	1556760	0.00112784	0.000694913	0	0.003	1445.46	2211.67	14	9422	
0.6	0.7	2	10	4	3	4	68	4	68	0.000350893	0.000701785	0	0.00140357	17	30	2	62	
0.6	0.7	6	11	1	3	4	68	4	68	0.00075	0.0015	0	0.003	17	30	2	62	
0.6	0.7	6	12	2	3	4	68	4	68	0.00075	0.0015	0	0.003	17	30	2	62	
0.6	0.7	2	13	5	3	673	1474113	672	1472799	0.00101164	0.000731544	0.000635713	0.003	2191.67	2477.96	36	9422	
0.6	0.7	8	14	5	3	70	2842	71	2844	0.00138949	0.00131747	0	0.003	40.0563	30.0879	2	122	
0.6	0.7	7	15	3	3	4	68	4	68	0.00075	0.0015	0	0.003	17	30	2	62	
0.6	0.7	5	16	2	3	3	66	3	66	0.000253571	0.000439197	0	0.000760712	22	34.641	2	62	
0.6	0.7	3	17	3	3	1386	1174465	1978	1398962	0.000761888	0.000638229	0	0.003	707.261	1744.73	10	9422	
0.6	0.7	8	18	2	3	128	6035	130	6151	0.00129835	0.00125556	0	0.003	47.3154	43.2119	2	280	
0.6	0.7	8	19	3	3	4	68	4	68	0.00075	0.0015	0	0.003	17	30	2	62	
0.6	0.7	2	20	19	3	4	68	4	68	0.00075	0.0015	0	0.003	17	30	2	62	
0.6	0.7	1	21	4	3	1900	1479953	2007	1475236	0.000971113	0.000557728	0	0.00383214	735.045	1602.28	5	9422	
0.7	0.8	8	1	15	3	805	1193047	2131	1541570	0.000458466	0.000735362	0	0.003	723.402	1742.52	6	9422	
0.7	0.8	1	2	1	3	109	4653	115	4893	0.00123981	0.00126026	0	0.003	42.5478	32.3444	2	164	
0.7	0.8	7	3	1	3	6	74	7	76	0.000232652	0.000397463	0	0.00083214	10.8571	18.0317	2	50	
0.7	0.8	2	4	1	3	11	250	11	250	0.000677272	0.00118412	0	0.003	22.7273	28.7788	2	62	
0.7	0.8	3	5	2	3	1398	1553678	2189	1898205	0.000705365	0.000671209	0	0.003	867.156	1762.85	7	9422	
0.7	0.8	2	6	2	3	4	68	4	68	0.000190178	0.000380356	0	0.000760712	17	30	2	62	
0.7	0.8	2	7	3	3	8	188	6	72	0.000132738	0.00032514	0	0.000796426	12	24.4949	2	62	
0.7	0.8	4	8	1	3	3	66	3	66	0.000473809	0.000820661	0	0.00142143	22	34.641	2	62	
0.7	0.8	5	9	1	3	1114	1722820	1213	1823356	0.00112689	0.000697207	0	0.003	1503.18	2218.85	14	9422	
0.7	0.8	2	10	4	3	4	68	4	68	0.000350893	0.000701785	0	0.00140357	17	30	2	62	
0.7	0.8	6	11	1	3	4	68	4	68	0.00075	0.0015	0	0.003	17	30	2	62	
0.7	0.8	6	12	2	3	4	68	4	68	0.00075	0.0015	0	0.003	17	30	2	62	
0.7	0.8	1	13	5	3	798	1730419	798	1730419	0.00100252	0.000721606	0.000635713	0.003	2168.44	2466.65	36	9422	
0.7	0.8	8	14	5	3	102	4375	105	4437	0.00138173	0.00127936	0	0.003	42.2571	31.5323	2	122	
0.7	0.8	7	15	3	3	4	68	4	68	0.00075	0.0015	0	0.003	17	30	2	62	
0.7	0.8	5	16	2	3	3	66	3	66	0.000253571	0.000439197	0	0.000760712	22	34.641	2	62	
0.7	0.8	3	17	5	3	1500	1387353	2280	1644758	0.00071542	0.000650954	0	0.003	721.385	1742.35	10	9422	
0.7	0.8	1	18	2	3	154	7263	157	7437	0.00130284	0.00125069	0	0.003	47.3694	41.3088	2	280	
0.7	0.8	8	19	3	3	4	68	4	68	0.00075	0.0015	0	0.003	17	30	2	62	
0.7	0.8	2	20	19	3	4	68	4	68	0.00075	0.0015	0	0.003	17	30	2	62	
0.7	0.8	7	21	8	3	1932	1601069	2275	1664969	0.000880174	0.00061937	0	0.00383214	731.855	1629.07	5	9422	
0.8	0.9	8	1	15	3	816	1296689	2384	1684799	0.000423654	0.000730271	0	0.003	706.711	1759.49	6	9422	
0.8	0.9	3	2	1	3	140	5949	147	6247	0.00120685	0.00123911	0	0.003	42.4966	31.0967	2	164	
0.8	0.9	7	3	1	3	6	74	7	76	0.000232652	0.000397463	0	0.00083214	10.8571	18.0317	2	50	
0.8	0.9	2	4	1	3	11	250	11	250	0.000677272	0.00118412	0	0.003	22.7273	28.7788	2	62	
0.8	0.9	3	5	2	3	1712	1972294	2539	2350972	0.000728414	0.000648456	0	0.003	925.944	1735.54	7	9422	
0.8	0.9	2	6	2	3	4	68	4	68	0.000190178	0.000380356	0	0.000760712	17	30	2	62	
0.8	0.9	2	7	3	3	24	780	25	838	0.000950428	0.00125169	0	0.003	33.52	36.5572	2	114	
0.8	0.9	4	8	1	3	3	66	3	66	0.000473809	0.000820661	0	0.00142143	22	34.641	2	62	
0.8	0.9	5	9	1	3	1217	1955460	1321	2054458	0.00113048	0.000701024	0	0.003	1555.23	2245.73	14	9422	
0.8	0.9	2	10	4	3	4	68	4	68	0.000350893	0.000701785	0	0.00140357	17	30	2	62	
0.8	0.9	6	11	1	3	4	68	4	68	0.00075	0.0015	0	0.003	17	30	2	62	
0.8	0.9	6	12	2	3	4	68	4	68	0.00075	0.0015	0	0.003	17	30	2	62	
0.8	0.9	1	13	5	3	915	1970725	915	1970725	0.000996313	0.000714117	0.000635713	0.003	2153.8	2455.95	36	9422	
0.8	0.9	8	14	5	3	129	5606	132	5668	0.00139526	0.00129116	0	0.003	42.9394	33.0336	2	169	
0.8	0.9	7	15	3	3	4	68	4	68	0.00075	0.0015	0	0.003	17	30	2	62	
0.8	0.9	5	16	2	3	3	66	3	66	0.000253571	0.000439197	0	0.000760712	22	34.641	2	62	
0.8	0.9	3	17	3	3	1525	1493015	2627	1779495	0.000638237	0.00066969	0	0.003	677.387	1732.29	5	9422	
0.8	0.9	8	18	2	3	184	8555	187	8729	0.00128432	0.00123894	0	0.003	46.6791	39.5768	2	280	
0.8	0.9	8	19	3	3	4	68	4	68	0.00075	0.0015	0	0.003	17	30	2	62	
0.8	0.9	2	20	19	3	4	68	4	68	0.00075	0.0015	0	0.003	17	30	2	62	
0.8	0.9	7	21	8	3	1943	1704711	2611	1937290	0.000779546	0.000662955	0	0.00383214	741.972	1625.38	5	9422	
0.9	1	2	1	9	3	943	1461701	2636	1867804	0.000440576	0.000734002	0	0.003	708.575	1771.21	6	9422	
0.9	1	1	2	21	3	145	6239	154	6653	0.00120083	0.00124028	0	0.003	43.2013	31.213	2	164	
0.9	1	7	3	1	3	6	74	7	76	0.000232652	0.000397463	0	0.00083214	10.8571	18.0317	2	50	
0.9	1	1	4	10	3	12	308	12	308	0.000870833	0.00131311	0	0.003	25.6667	29.2678	2	62	
0.9	1	3	5	12	3	1802	2129198	2761	2577988	0.000709155	0.000660258	0	0.003	933.715	1752.58	7	9422	
0.9	1	2	6	2	3	4	68	4	68	0.000190178	0.000380356	0	0.000760712	17	30	2	62	
0.9	1	1	7	3	3	39	1316	41	1432	0.00105305	0.00132024	0	0.003	34.9268	35.3895	2	114	
0.9	1	4	8	1	3	3	66	3	66	0.000473809	0.000820661	0	0.00142143	22	34.641	2	62	
0.9	1	5	9	1	3	1317	2176050	1427	2282932	0.00112528	0.000702614	0	0.003	1599.81	2269.03	14	9422	
0.9	1	2	10	4	3	4	68	4	68	0.000350893	0.000701785	0	0.00140357	17	30	2	62	
0.9	1	6	11	1	3	4	68	4	68	0.00075	0.0015	0	0.003	17	30	2	62	
0.9	1	6	12	2	3	4	68	4	68	0.00075	0.0015	0	0.003	17	30	2	62	
0.9	1	2	13	5	3	1063	2203301	1061	2201983	0.000987076	0.000699122	0.000635713	0.003	2075.38	2442.22	36	9422	
0.9	1	1	14	5	3	148	6664	152	6784	0.00136936	0.0012862	0	0.003	44.6316	41.4645	2	336	
0.9	1	7	15	3	3	4	68	4	68	0.00075	0.0015	0	0.003	17	30	2	62	
0.9	1	5	16	2	3	3	66	3	66	0.000253571	0.000439197	0	0.000760712	22	34.641	2	62	
0.9	1	1	17	3	3	1828	2003784	2974	2339385	0.000676243	0.000660483	0	0.003	786.612	1739.3	5	9422	
0.9	1	8	18	2	3	214	9847	220	10195	0.0012632	0.00123671	0	0.003	46.3409	38.0313	2	280	
0.9	1	8	19	3	3	18	544	16	428	0.000921651	0.00129766	0	0.003	26.75	29	2	62	
0.9	1	2	20	19	3	4	68	4	68	0.00075	0.0015	0	0.003	17	30	2	62	
0.9	1	7	21	4	3	2071	1833111	2986	2133268	0.000725802	0.000671321	0	0.00383214	714.423	1617.93	5	9422	
1	1.1	2	1	9	3	1229	1713885	2977	2114050	0.00049317	0.000732562	0	0.003	710.128	1754.88	6	9422	
1	1.1	1	2	21	3	145	6239	154	6653	0.00120083	0.00124028	0	0.003	43.2013	31.213	2	164	
1	1.1	7	3	1	3	6	74	7	76	0.000232652	0.000397463	0	0.00083214	10.8571	18.0317	2	50	
1	1.1	1	4	10	3	12	308	12	308	0.000870833	0.00131311	0	0.003	25.6667	29.2678	2	62	
1	1.1	1	5	12	3	1814	2242262	3102	2938679	0.000642804	0.000676211	0	0.003	947.35	1741.21	7	9422	
1	1.1	2	6	2	3	4	68	4	68	0.000190178	0.000380356	0	0.000760712	17	30	2	62	
1	1.1	1	7	17	3	58	2084	59	2142	0.00108154	0.00129301	0	0.003	36.3051	34.497	2	114	
1	1.1	4	8	1	3	3	66	3	66	0.000473809	0.000820661	0	0.00142143	22	34.641	2	62	
1	1.1	5	9	1	3	1439	2425546	1553	2545792	0.00111732	0.000701061	0	0.003	1639.27	2282.11	14	9422	
1	1.1	2	10	4	3	4	68	4	68	0.000350893	0.000701785	0	0.00140357	17	30	2	62	
1	1.1	6	11	1	3	4	68	4	68	0.00075	0.0015	0	0.003	17	30	2	62	
1	1.1	6	12	2	3	4	68	4	68	0.00075	0.0015	0	0.003	17	30	2	62	
1	1.1	2	13	5	3	1253	2426861	1252	2425579	0.000974014	0.000675938	0.000635713	0.003	1937.36	2415.54	36	9422	
1	1.1	1	14	5	3	179	8242	186	8480	0.00137922	0.00127044	0	0.003	45.5914	39.7691	2	336	
1	1.1	7	15	3	3	4	68	4	68	0.00075	0.0015	0	0.003	17	30	2	62	
1	1.1	5	16	2	3	3	66	3	66	0.000253571	0.000439197	0	0.000760712	22	34.641	2	62	
1	1.1	3	17	3	3	1895	2113792	3132	2458028	0.000673263	0.000671245	0	0.003	784.811	1777.03	5	9422	
1	1.1	1	18	2	3	243	11137	250	11487	0.00124177	0.00123389	0	0.003	45.948	37.3834	2	280	
1	1.1	8	19	3	3	34	1136	34	1136	0.00110956	0.0013629	0	0.003	33.4118	34.3971	2	114	
1	1.1	2	20	19	3	4	68	4	68	0.00075	0.0015	0	0.003	17	30	2	62	
1	1.1	7	21	4	3	2415	2039234	3370	2346739	0.000738079	0.00065404	0	0.00383214	696.362	1615.91	5	9422	
1.1	1.2	2	1	9	3	1534	1949601	3329	2351749	0.000536999	0.000726243	0	0.003	706.443	1739.46	6	9422	
1.1	1.2	3	2	1	3	148	6305	158	6732	0.00118928	0.00122918	0	0.003	42.6076	31.0565	2	164	
1.1	1.2	7	3	1	3	6	74	7	76	0.000232652	0.000397463	0	0.00083214	10.8571	18.0317	2	50	
1.1	1.2	1	4	10	3	12	308	12	308	0.000870833	0.00131311	0	0.003	25.6667	29.2678	2	62	
1.1	1.2	3	5	2	3	2059	2502504	3424	3229008	0.000661503	0.000672808	0	0.003	943.051	1723.14	7	9422	
1.1	1.2	2	6	2	3	6	72	6	72	0.000126785	0.000310559	0	0.000760712	12	24.4949	2	62	
1.1	1.2	2	7	3	3	78	2753	82	3028	0.00103388	0.00126115	0	0.003	36.9268	33.1453	2	114	
1.1	1.2	4	8	1	3	3	66	3	66	0.000473809	0.000820661	0	0.00142143	22	34.641	2	62	
1.1	1.2	1	9	1	3	1551	2660594	1668	2784782	0.00111107	0.000699872	0	0.003	1669.53	2292.58	14	9422	
1.1	1.2	2	10	4	3	4	68	4	68	0.000350893	0.000701785	0	0.00140357	17	30	2	62	
1.1	1.2	6	11	3	3	13	366	14	368	0.000905102	0.00138625	0	0.003	26.2857	36.4743	2	114	
1.1	1.2	6	12	2	3	4	68	4	68	0.00075	0.0015	0	0.003	17	30	2	62	
1.1	1.2	2	13	5	3	1462	2657871	1459	2655957	0.00095963	0.000655704	0.000635713	0.003	1820.4	2381.24	36	9422	
1.1	1.2	8	14	5	3	205	9526	212	9764	0.00140441	0.00128081	0	0.003	46.0566	39.0862	2	336	
1.1	1.2	7	15	3	3	4	68	4	68	0.00075	0.0015	0	0.003	17	30	2	62	
1.1	1.2	5	16	4	3	10	415	11	473	0.00045909	0.000899531	0	0.003	43	56.4039	2	169	
1.1	1.2	3	17	3	3	2087	2240770	3467	2601118	0.00067153	0.000670295	0	0.003	750.25	1769.05	5	9422	
1.1	1.2	8	18	2	3	271	12425	278	12775	0.00121676	0.00122455	0	0.003	45.9532	37.1154	2	280	
1.1	1.2	8	19	3	3	51	1786	51	1786	0.00115756	0.00135627	0	0.003	35.0196	33.9868	2	114	
1.1	1.2	2	20	19	3	4	68	4	68	0.00075	0.0015	0	0.003	17	30	2	62	
1.1	1.2	7	21	8	3	2480	2154505	3657	2495041	0.000701815	0.000663167	0	0.00383214	682.264	1622.82	5	9422	
1.2	1.3	2	1	15	3	1562	2045265	3581	2507143	0.000511042	0.000723644	0	0.003	700.124	1737.2	5	9422	
1.2	1.3	3	2	1	3	148	6305	158	6732	0.00118928	0.00122918	0	0.003	42.6076	31.0565	2	164	
1.2	1.3	7	3	1	3	6	74	7	76	0.000232652	0.000397463	0	0.00083214	10.8571	18.0317	2	50	
1.2	1.3	1	4	10	3	12	308	12	308	0.000870833	0.00131311	0	0.003	25.6667	29.2678	2	62	
1.2	1.3	1	5	2	3	2343	2825440	3744	3586933	0.000686536	0.000663834	0	0.003	958.048	1705.88	7	9422	
1.2	1.3	2	6	2	3	34	1417	34	1473	0.00122027	0.00131714	0	0.003	43.3235	39.6322	2	169	
1.2	1.3	2	7	3	3	95	3359	100	3649	0.00100257	0.0012253	0	0.003	36.49	32.8481	2	114	
1.2	1.3	4	8	1	3	3	66	3	66	0.000473809	0.000820661	0	0.00142143	22	34.641	2	62	
1.2	1.3	5	9	1	3	1650	2863652	1769	2990468	0.00110545	0.000698205	0	0.003	1690.49	2295.16	14	9422	
1.2	1.3	2	10	4	3	4	68	4	68	0.000350893	0.000701785	0	0.00140357	17	30	2	62	
1.2	1.3	1	11	4	3	31	1074	36	1252	0.000816071	0.00122625	0	0.003	34.7778	38.8147	2	114	
1.2	1.3	6	12	3	3	5	70	5	70	0.0006	0.00134164	0	0.003	14	26.8328	2	62	
1.2	1.3	2	13	5	3	1678	2880323	1675	2877723	0.000945734	0.000634241	0.000635713	0.003	1718.04	2330.34	36	9422	
1.2	1.3	1	14	5	3	225	10694	228	10781	0.00147296	0.00129448	0	0.00383214	47.2851	38.7484	2	336	
1.2	1.3	7	15	3	3	4	68	4	68	0.00075	0.0015	0	0.003	17	30	2	62	
1.2	1.3	1	16	14	3	15	593	17	709	0.000674999	0.000998708	0	0.003	41.7059	47.4655	2	169	
1.2	1.3	3	17	5	3	2142	2331365	3726	2728085	0.000645611	0.000675914	0	0.003	732.175	1765.39	5	9422	
1.2	1.3	8	18	2	3	300	13771	308	14123	0.00119485	0.00122027	0	0.003	45.8539	36.5884	2	280	
1.2	1.3	1	19	9	3	68	2492	69	2494	0.00111843	0.00131238	0	0.003	36.1449	33.6108	2	114	
1.2	1.3	2	20	19	3	4	68	4	68	0.00075	0.0015	0	0.003	17	30	2	62	
1.2	1.3	7	21	4	3	2489	2239303	4021	2658826	0.000645744	0.000673302	0	0.00383214	661.235	1614.28	5	9422	
1.3	1.4	2	1	15	3	1574	2158329	3916	2703369	0.000475751	0.000718767	0	0.003	690.339	1729.48	5	9422	
1.3	1.4	3	2	1	3	148	6305	158	6732	0.00118928	0.00122918	0	0.003	42.6076	31.0565	2	164	
1.3	1.4	7	3	1	3	6	74	7	76	0.000232652	0.000397463	0	0.00083214	10.8571	18.0317	2	50	
1.3	1.4	1	4	10	3	12	308	12	308	0.000870833	0.00131311	0	0.003	25.6667	29.2678	2	62	
1.3	1.4	1	5	2	3	2605	3136434	4059	3934735	0.000709248	0.000658308	0	0.003	969.385	1698.12	7	9422	
1.3	1.4	2	6	2	3	60	2645	61	2759	0.00122722	0.00124003	0	0.003	45.2295	35.9242	2	169	
1.3	1.4	1	7	17	3	113	4011	120	4417	0.000983719	0.00121139	0	0.003	36.8083	31.9072	2	114	
1.3	1.4	4	8	1	3	3	66	3	66	0.000473809	0.000820661	0	0.00142143	22	34.641	2	62	
1.3	1.4	5	9	1	3	1763	3086918	1894	3228237	0.00110775	0.000698422	0	0.003	1704.45	2300.48	14	9422	
1.3	1.4	2	10	4	3	4	68	4	68	0.000350893	0.000701785	0	0.00140357	17	30	2	62	
1.3	1.4	6	11	4	3	47	1666	52	1844	0.000871977	0.00122594	0	0.003	35.4615	37.2635	2	114	
1.3	1.4	6	12	3	3	11	250	11	250	0.000661039	0.00118328	0	0.003	22.7273	28.7788	2	62	
1.3	1.4	2	13	5	3	1913	3142361	1910	3131621	0.000936268	0.000617569	0.000635713	0.003	1639.59	2292.38	36	9422	
1.3	1.4	1	14	5	3	244	11790	264	12582	0.00138175	0.00128872	0	0.00383214	47.6591	39.8511	2	336	
1.3	1.4	7	15	3	3	4	68	4	68	0.00075	0.0015	0	0.003	17	30	2	62	
1.3	1.4	5	16	4	3	19	657	21	773	0.000689285	0.00106599	0	0.003	36.8095	45.0218	2	169	
1.3	1.4	3	17	3	3	2153	2435007	4053	2872384	0.000601665	0.000682358	0	0.003	708.706	1760.19	5	9422	
1.3	1.4	1	18	4	3	303	14001	312	14467	0.00120284	0.0012218	0	0.003	46.3686	36.7701	2	280	
1.3	1.4	8	19	3	3	84	3084	87	3202	0.00114302	0.00133631	0	0.003	36.8046	35.4905	2	114	
1.3	1.4	2	20	19	3	4	68	4	68	0.00075	0.0015	0	0.003	17	30	2	62	
1.3	1.4	7	21	4	3	2750	2391877	4375	2825499	0.000653644	0.000670178	0	0.00383214	645.828	1614.33	5	9422	
1.4	1.5	1	1	9	3	1651	2316202	4286	2973768	0.000455593	0.00071162	0	0.003	693.833	1716.19	5	9422	
1.4	1.5	3	2	1	3	148	6305	158	6732	0.00118928	0.00122918	0	0.003	42.6076	31.0565	2	164	
1.4	1.5	7	3	1	3	6	74	7	76	0.000232652	0.000397463	0	0.00083214	10.8571	18.0317	2	50	
1.4	1.5	1	4	10	3	12	308	12	308	0.000870833	0.00131311	0	0.003	25.6667	29.2678	2	62	
1.4	1.5	3	5	2	3	2722	3356872	4210	4192268	0.000724316	0.000664997	0	0.003	995.788	1719.21	7	9422	
1.4	1.5	1	6	2	3	87	3875	88	3989	0.00134679	0.00127008	0	0.003	45.3295	33.6208	2	169	
1.4	1.5	2	7	3	3	133	4723	141	5187	0.000998859	0.00119443	0	0.003	36.7872	31.2458	2	114	
1.4	1.5	4	8	1	3	3	66	3	66	0.000473809	0.000820661	0	0.00142143	22	34.641	2	62	
1.4	1.5	5	9	1	3	1876	3313862	2009	3457809	0.00110028	0.000696919	0	0.003	1721.16	2301.34	14	9422	
1.4	1.5	2	10	4	3	13	366	13	366	0.000616758	0.000913273	0	0.003	28.1538	29.4218	2	62	
1.4	1.5	6	11	4	3	51	1786	56	1964	0.000874617	0.00122663	0	0.003	35.0714	36.6962	2	114	
1.4	1.5	6	12	3	3	11	250	11	250	0.000661039	0.00118328	0	0.003	22.7273	28.7788	2	62	
1.4	1.5	2	13	5	3	2126	3367145	2124	3357258	0.000927374	0.000605817	0.000635713	0.003	1580.63	2263.83	36	9422	
1.4	1.5	1	14	5	3	265	13142	291	14250	0.00136955	0.0012858	0	0.00383214	48.9691	40.8399	2	336	
1.4	1.5	7	15	3	3	19	602	19	602	0.000969736	0.00132078	0	0.003	31.6842	39.1763	2	114	
1.4	1.5	1	16	14	3	25	837	27	953	0.000781878	0.00115363	0	0.003	35.2963	41.8144	2	169	
1.4	1.5	1	17	5	3	2164	2538649	4101	2973687	0.000601938	0.000691047	0	0.003	725.113	1802.64	5	9422	
1.4	1.5	1	18	4	3	303	14001	312	14467	0.00120284	0.0012218	0	0.003	46.3686	36.7701	2	280	
1.4	1.5	1	19	3	3	99	3730	103	3906	0.00113863	0.00133506	0	0.003	37.9223	36.6819	2	114	
1.4	1.5	2	20	19	3	4	68	4	68	0.00075	0.0015	0	0.003	17	30	2	62	
1.4	1.5	1	21	8	3	2825	2501335	4462	2936350	0.000665672	0.000679146	0	0.00383214	658.079	1652.78	5	9422	
1.5	1.6	2	1	9	3	1905	2666838	4563	3319867	0.000484209	0.000711267	0	0.003	727.562	1724.09	5	9422	
1.5	1.6	3	2	1	3	148	6305	158	6732	0.00118928	0.00122918	0	0.003	42.6076	31.0565	2	164	
1.5	1.6	7	3	1	3	6	74	7	76	0.000232652	0.000397463	0	0.00083214	10.8571	18.0317	2	50	
1.5	1.6	1	4	10	3	12	308	12	308	0.000870833	0.00131311	0	0.003	25.6667	29.2678	2	62	
1.5	1.6	1	5	12	3	2865	3567948	4377	4418597	0.000736092	0.00066695	0	0.003	1009.5	1740.5	7	9422	
1.5	1.6	1	6	6	3	89	4047	90	4161	0.00138353	0.00127942	0	0.003	46.2333	34.043	2	169	
1.5	1.6	1	7	3	3	148	5369	158	5893	0.000989737	0.00118205	0	0.003	37.2975	31.9868	2	114	
1.5	1.6	4	8	1	3	3	66	3	66	0.000473809	0.000820661	0	0.00142143	22	34.641	2	62	
1.5	1.6	5	9	1	3	1979	3545190	2114	3683657	0.00109626	0.000697461	0	0.003	1742.51	2312.96	14	9422	
1.5	1.6	1	10	4	3	39	1594	40	1708	0.000905267	0.00103896	0	0.003	42.7	35.8903	2	114	
1.5	1.6	6	11	4	3	66	2376	72	2556	0.000892906	0.00122958	0	0.003	35.5	37.2305	2	114	
1.5	1.6	6	12	3	3	12	308	12	308	0.000670833	0.00112872	0	0.003	25.6667	29.2678	2	62	
1.5	1.6	1	13	5	3	2300	3598501	2299	3597219	0.000926112	0.000603229	0.000635713	0.003	1564.69	2263.06	36	9422	
1.5	1.6	1	14	6	3	278	13789	304	14897	0.00138876	0.00128354	0	0.00383214	49.0033	40.5806	2	336	
1.5	1.6	7	15	2	3	37	1254	40	1428	0.000926339	0.00122142	0	0.003	35.7	33.1447	2	114	
1.5	1.6	5	16	4	3	30	959	32	1075	0.000804575	0.00116493	0	0.003	33.5938	40.0499	2	169	
1.5	1.6	3	17	5	3	2175	2642291	4356	3137153	0.000574276	0.000695445	0	0.003	720.191	1806.71	5	9422	
1.5	1.6	1	18	4	3	304	14059	313	14525	0.00120858	0.00122407	0	0.003	46.4058	36.717	2	280	
1.5	1.6	8	19	3	3	115	4322	119	4498	0.00111323	0.00132097	0	0.003	37.7983	36.2771	2	114	
1.5	1.6	2	20	19	3	4	68	4	68	0.00075	0.0015	0	0.003	17	30	2	62	
1.5	1.6	1	21	4	3	2993	2652132	4648	3086142	0.000681765	0.000684035	0	0.00383214	663.972	1676.95	5	9422	
1.6	1.7	2	1	9	3	2255	2989606	4950	3652206	0.00051367	0.000702502	0	0.003	737.819	1699.16	5	9422	
1.6	1.7	3	2	1	3	148	6305	158	6732	0.00118928	0.00122918	0	0.003	42.6076	31.0565	2	164	
1.6	1.7	7	3	1	3	6	74	7	76	0.000232652	0.000397463	0	0.00083214	10.8571	18.0317	2	50	
1.6	1.7	1	4	10	3	12	308	12	308	0.000870833	0.00131311	0	0.003	25.6667	29.2678	2	62	
1.6	1.7	1	5	12	3	2875	3662168	4701	4723558	0.000691741	0.000677712	0	0.003	1004.8	1727.7	7	9422	
1.6	1.7	1	6	6	3	89	4047	90	4161	0.00138353	0.00127942	0	0.003	46.2333	34.043	2	169	
1.6	1.7	1	7	17	3	148	5369	159	5951	0.000983512	0.00118092	0	0.003	37.4277	31.9276	2	114	
1.6	1.7	1	8	1	3	6	184	6	184	0.000736904	0.00124598	0	0.003	30.6667	47.3568	2	114	
1.6	1.7	5	9	1	3	2091	3762710	2228	3911913	0.00108954	0.000695633	0	0.003	1755.8	2313.31	14	9422	
1.6	1.7	2	10	4	3	67	2881	68	2995	0.00121534	0.00122325	0	0.003	44.0441	35.3585	2	169	
1.6	1.7	6	11	4	3	81	3022	88	3204	0.000958076	0.00126988	0	0.003	36.4091	38.4076	2	114	
1.6	1.7	6	12	3	3	12	308	12	308	0.000670833	0.00112872	0	0.003	25.6667	29.2678	2	62	
1.6	1.7	2	13	5	3	2532	3820497	2531	3819215	0.000918264	0.000590523	0.000635713	0.003	1508.97	2227.09	36	9422	
1.6	1.7	1	14	18	3	295	14932	321	16040	0.00141343	0.00128326	0	0.00383214	49.9688	40.7235	2	336	
1.6	1.7	7	15	3	3	55	1962	57	2078	0.000982455	0.00123959	0	0.003	36.4561	33.1038	2	114	
1.6	1.7	1	16	14	3	36	1139	38	1255	0.000789943	0.00114938	0	0.003	33.0263	38.3769	2	169	
1.6	1.7	3	17	5	3	2184	2727089	4690	3297557	0.000539776	0.000695227	0	0.003	703.104	1792.12	5	9422	
1.6	1.7	8	18	2	3	312	14243	321	14709	0.00119913	0.00122666	0	0.003	45.8224	36.6901	2	280	
1.6	1.7	8	19	3	3	133	5030	139	5322	0.00108785	0.00129754	0	0.003	38.2878	36.2364	2	114	
1.6	1.7	2	20	19	3	4	68	4	68	0.00075	0.0015	0	0.003	17	30	2	62	
1.6	1.7	1	21	8	3	3162	2766220	4841	3200110	0.000694477	0.000683897	0	0.00383214	661.043	1694.27	5	9422	
1.7	1.8	2	1	9	3	2461	3224934	5266	3958080	0.000520534	0.000698714	0	0.003	751.629	1700.83	5	9422	
1.7	1.8	3	2	1	3	148	6305	158	6732	0.00118928	0.00122918	0	0.003	42.6076	31.0565	2	164	
1.7	1.8	7	3	1	3	6	74	7	76	0.000232652	0.000397463	0	0.00083214	10.8571	18.0317	2	50	
1.7	1.8	1	4	10	3	12	308	12	308	0.000870833	0.00131311	0	0.003	25.6667	29.2678	2	62	
1.7	1.8	3	5	2	3	3150	4044105	5042	5156670	0.000703804	0.0006726	0	0.003	1022.74	1714.79	7	9422	
1.7	1.8	1	6	6	3	89	4047	90	4161	0.00138353	0.00127942	0	0.003	46.2333	34.043	2	169	
1.7	1.8	1	7	17	3	148	5369	159	5951	0.000983512	0.00118092	0	0.003	37.4277	31.9276	2	114	
1.7	1.8	4	8	2	3	9	246	9	246	0.000571825	0.00103702	0	0.003	27.3333	41.0853	2	114	
1.7	1.8	5	9	1	3	2203	4004556	2343	4149593	0.00108533	0.000694739	0	0.003	1771.06	2318.52	14	9422	
1.7	1.8	2	10	4	3	93	4222	92	4220	0.00120893	0.00122238	0	0.003	45.8696	39.5719	2	225	
1.7	1.8	6	11	4	3	99	3730	109	4030	0.00099053	0.00129047	0	0.003	36.9725	38.7218	2	114	
1.7	1.8	6	12	3	3	12	308	12	308	0.000670833	0.00112872	0	0.003	25.6667	29.2678	2	62	
1.7	1.8	2	13	5	3	2756	4068109	2755	4068073	0.000914981	0.000584405	0.000635713	0.003	1476.61	2213.52	36	9422	
1.7	1.8	1	14	18	3	295	14932	321	16040	0.00141343	0.00128326	0	0.00383214	49.9688	40.7235	2	336	
1.7	1.8	1	15	2	3	58	2136	61	2310	0.00102711	0.00125924	0	0.003	37.8689	34.0037	2	114	
1.7	1.8	5	16	4	3	40	1203	42	1319	0.000786139	0.00116489	0	0.003	31.4048	37.5773	2	169	
1.7	1.8	1	17	5	3	2196	2840153	5025	3475953	0.000510955	0.000695319	0	0.003	691.732	1787.65	5	9422	
1.7	1.8	8	18	2	3	337	15524	346	15990	0.00119161	0.00122633	0	0.003	46.2139	37.1884	2	280	
1.7	1.8	1	19	3	3	150	5680	158	6088	0.00106198	0.00128348	0	0.003	38.5316	35.7289	2	114	
1.7	1.8	2	20	19	3	4	68	4	68	0.00075	0.0015	0	0.003	17	30	2	62	
1.7	1.8	1	21	8	3	3307	2893697	5013	3318324	0.000704431	0.000684897	0	0.00383214	661.944	1717.89	5	9422	
1.8	1.9	2	1	9	3	2840	3711943	5655	4451854	0.000547941	0.000692367	0	0.003	787.242	1689.25	5	9422	
1.8	1.9	3	2	1	3	148	6305	158	6732	0.00118928	0.00122918	0	0.003	42.6076	31.0565	2	164	
1.8	1.9	7	3	1	3	6	74	7	76	0.000232652	0.000397463	0	0.00083214	10.8571	18.0317	2	50	
1.8	1.9	1	4	10	3	12	308	12	308	0.000870833	0.00131311	0	0.003	25.6667	29.2678	2	62	
1.8	1.9	3	5	2	3	3367	4305972	5279	5433577	0.000711832	0.000668031	0	0.003	1029.28	1723.7	7	9422	
1.8	1.9	1	6	6	3	89	4047	90	4161	0.00138353	0.00127942	0	0.003	46.2333	34.043	2	169	
1.8	1.9	1	7	17	3	148	5369	159	5951	0.000983512	0.00118092	0	0.003	37.4277	31.9276	2	114	
1.8	1.9	1	8	2	3	16	428	16	428	0.000884151	0.00131753	0	0.003	26.75	35.4843	2	114	
1.8	1.9	5	9	1	3	2320	4247484	2465	4398336	0.00108277	0.000693427	0	0.003	1784.31	2319.78	14	9422	
1.8	1.9	2	10	16	3	109	4982	110	5096	0.00125977	0.00121816	0	0.003	46.3273	37.9195	2	225	
1.8	1.9	1	11	4	3	115	4322	128	4684	0.000980552	0.00128696	0	0.003	36.5937	37.9426	2	114	
1.8	1.9	6	12	3	3	12	308	12	308	0.000670833	0.00112872	0	0.003	25.6667	29.2678	2	62	
1.8	1.9	2	13	5	3	2961	4302227	2960	4302191	0.000912263	0.000579742	0.000635713	0.003	1453.44	2204.36	36	9422	
1.8	1.9	1	14	18	3	295	14932	321	16040	0.00141343	0.00128326	0	0.00383214	49.9688	40.7235	2	336	
1.8	1.9	1	15	2	3	58	2136	61	2310	0.00102711	0.00125924	0	0.003	37.8689	34.0037	2	114	
1.8	1.9	1	16	14	3	46	1383	48	1499	0.000826116	0.00119607	0	0.003	31.2292	36.4979	2	169	
1.8	1.9	3	17	5	3	2207	2943795	5387	3700232	0.000482745	0.000692709	0	0.003	686.882	1774.58	5	9422	
1.8	1.9	1	18	2	3	362	16862	372	17330	0.00120729	0.00123881	0	0.003	46.586	37.5736	2	280	
1.8	1.9	8	19	9	3	165	6270	174	6792	0.0010616	0.00128792	0	0.003	39.0345	36.3889	2	114	
1.8	1.9	2	20	19	3	4	68	4	68	0.00075	0.0015	0	0.003	17	30	2	62	
1.8	1.9	1	21	8	3	3330	2998599	5036	3423226	0.000712132	0.000693848	0	0.00383214	679.751	1762.31	5	9422	
1.9	2	2	1	9	3	3227	4254430	6050	4990562	0.000573979	0.000687393	0	0.003	824.886	1685	5	9422	
1.9	2	3	2	1	3	148	6305	158	6732	0.00118928	0.00122918	0	0.003	42.6076	31.0565	2	164	
1.9	2	7	3	1	3	6	74	7	76	0.000232652	0.000397463	0	0.00083214	10.8571	18.0317	2	50	
1.9	2	1	4	10	3	12	308	12	308	0.000870833	0.00131311	0	0.003	25.6667	29.2678	2	62	
1.9	2	1	5	2	3	3592	4578594	5528	5720538	0.000726967	0.0006679	0	0.003	1034.83	1739.44	7	9422	
1.9	2	1	6	6	3	89	4047	90	4161	0.00138353	0.00127942	0	0.003	46.2333	34.043	2	169	
1.9	2	1	7	17	3	148	5369	159	5951	0.000983512	0.00118092	0	0.003	37.4277	31.9276	2	114	
1.9	2	1	8	1	3	19	546	19	546	0.000902443	0.00133484	0	0.003	28.7368	39.193	2	114	
1.9	2	5	9	1	3	2430	4496122	2580	4661652	0.00108334	0.000696171	0	0.003	1806.84	2338.31	14	9422	
1.9	2	2	10	16	3	109	4982	110	5096	0.00125977	0.00121816	0	0.003	46.3273	37.9195	2	225	
1.9	2	6	11	3	3	130	4968	144	5388	0.000977802	0.00128158	0	0.003	37.4167	38.4889	2	114	
1.9	2	6	12	3	3	12	308	12	308	0.000670833	0.00112872	0	0.003	25.6667	29.2678	2	62	
1.9	2	2	13	5	3	3194	4584335	3192	4573631	0.000910127	0.000575768	0.000635713	0.003	1432.84	2197.75	36	9422	
1.9	2	1	14	18	3	295	14932	321	16040	0.00141343	0.00128326	0	0.00383214	49.9688	40.7235	2	336	
1.9	2	1	15	2	3	58	2136	61	2310	0.00102711	0.00125924	0	0.003	37.8689	34.0037	2	114	
1.9	2	1	16	14	3	50	1503	52	1619	0.000832486	0.00119937	0	0.003	31.1346	35.9057	2	169	
1.9	2	3	17	3	3	2301	3100809	5725	3891952	0.000474974	0.000693034	0	0.003	679.817	1775.01	5	9422	
1.9	2	8	18	2	3	389	18148	400	18674	0.00118685	0.00123338	0	0.003	46.685	37.5232	2	280	
1.9	2	8	19	3	3	181	6974	191	7610	0.00104727	0.00128295	0	0.003	39.8429	37.6594	2	114	
1.9	2	2	20	19	3	4	68	4	68	0.00075	0.0015	0	0.003	17	30	2	62	
1.9	2	1	21	8	3	3352	3122030	5059	3556079	0.000720258	0.000704021	0	0.00383214	702.921	1817.48	5	9422	
2	2.1	2	1	9	3	3588	4840323	6436	5596980	0.000595157	0.000683037	0	0.003	869.636	1689.11	5	9422	
2	2.1	3	2	1	3	148	6305	158	6732	0.00118928	0.00122918	0	0.003	42.6076	31.0565	2	164	
2	2.1	7	3	1	3	6	74	7	76	0.000232652	0.000397463	0	0.00083214	10.8571	18.0317	2	50	
2	2.1	1	4	10	3	12	308	12	308	0.000870833	0.00131311	0	0.003	25.6667	29.2678	2	62	
2	2.1	1	5	2	3	3809	4837542	5760	5987951	0.000738992	0.000667087	0	0.003	1039.57	1756.06	7	9422	
2	2.1	1	6	6	3	89	4047	90	4161	0.00138353	0.00127942	0	0.003	46.2333	34.043	2	169	
2	2.1	1	7	17	3	148	5369	159	5951	0.000983512	0.00118092	0	0.003	37.4277	31.9276	2	114	
2	2.1	4	8	2	3	26	728	24	612	0.000839434	0.00131272	0	0.003	25.5	36.7802	2	114	
2	2.1	5	9	1	3	2533	4744976	2686	4914448	0.0010847	0.000699202	0	0.003	1829.65	2358.39	14	9422	
2	2.1	2	10	4	3	120	5288	121	5402	0.00121352	0.00119745	0	0.003	44.6446	37.2748	2	225	
2	2.1	6	11	4	3	149	5678	164	6100	0.000992269	0.00128371	0	0.003	37.1951	37.826	2	114	
2	2.1	6	12	3	3	12	308	12	308	0.000670833	0.00112872	0	0.003	25.6667	29.2678	2	62	
2	2.1	2	13	5	3	3407	4845193	3406	4843911	0.000910394	0.000574588	0.000635713	0.003	1422.17	2200.38	36	9422	
2	2.1	1	14	18	3	295	14932	321	16040	0.00141343	0.00128326	0	0.00383214	49.9688	40.7235	2	336	
2	2.1	1	15	2	3	58	2136	61	2310	0.00102711	0.00125924	0	0.003	37.8689	34.0037	2	114	
2	2.1	1	16	4	3	57	1685	59	1801	0.000806113	0.0011808	0	0.003	30.5254	35.0587	2	169	
2	2.1	3	17	3	3	2396	3254844	6018	4083100	0.000471938	0.000694737	0	0.003	678.481	1784.83	5	9422	
2	2.1	8	18	2	3	411	19368	423	19896	0.00118252	0.00123607	0	0.003	47.0355	38.092	2	280	
2	2.1	8	19	3	3	186	7264	196	7900	0.00103037	0.00127171	0	0.003	40.3061	38.137	2	114	
2	2.1	2	20	19	3	4	68	4	68	0.00075	0.0015	0	0.003	17	30	2	62	
2	2.1	1	21	8	3	3384	3256140	5091	3690189	0.000730834	0.000716309	0	0.00383214	724.846	1868.76	5	9422	
2.1	2.2	2	1	9	3	3919	5399740	6791	6189266	0.000610746	0.000676763	0	0.003	911.392	1691.69	5	9422	
2.1	2.2	3	2	1	3	148	6305	158	6732	0.00118928	0.00122918	0	0.003	42.6076	31.0565	2	164	
2.1	2.2	7	3	1	3	6	74	7	76	0.000232652	0.000397463	0	0.00083214	10.8571	18.0317	2	50	
2.1	2.2	1	4	10	3	12	308	12	308	0.000870833	0.00131311	0	0.003	25.6667	29.2678	2	62	
2.1	2.2	3	5	2	3	4005	5078442	5983	6238422	0.000748982	0.000665282	0	0.003	1042.69	1762.98	7	9422	
2.1	2.2	1	6	6	3	89	4047	90	4161	0.00138353	0.00127942	0	0.003	46.2333	34.043	2	169	
2.1	2.2	1	7	17	3	148	5369	159	5951	0.000983512	0.00118092	0	0.003	37.4277	31.9276	2	114	
2.1	2.2	4	8	1	3	29	790	29	790	0.000928448	0.00133836	0	0.003	27.2414	35.5062	2	114	
2.1	2.2	1	9	1	3	2643	4984198	2803	5163830	0.00108442	0.000699185	0	0.003	1842.25	2364.01	14	9422	
2.1	2.2	2	10	16	3	148	6520	149	6634	0.00123775	0.00121305	0	0.003	44.5235	35.7804	2	225	
2.1	2.2	6	11	4	3	164	6268	184	6924	0.000986859	0.00127068	0	0.003	37.6304	38.0893	2	114	
2.1	2.2	6	12	3	3	12	308	12	308	0.000670833	0.00112872	0	0.003	25.6667	29.2678	2	62	
2.1	2.2	2	13	5	3	3587	5074247	3587	5074247	0.000910537	0.000573874	0.000635713	0.003	1414.62	2202.54	36	9422	
2.1	2.2	1	14	18	3	295	14932	321	16040	0.00141343	0.00128326	0	0.00383214	49.9688	40.7235	2	336	
2.1	2.2	7	15	3	3	71	2554	75	2730	0.000949285	0.00122763	0	0.003	36.4	34.3527	2	114	
2.1	2.2	5	16	4	3	60	1747	62	1863	0.000779953	0.00116032	0	0.003	30.0484	34.7489	2	169	
2.1	2.2	3	17	3	3	2732	3460758	6372	4291925	0.000500149	0.000694839	0	0.003	673.56	1778.13	5	9422	
2.1	2.2	1	18	2	3	439	20712	452	21298	0.00119716	0.00124105	0	0.003	47.1195	37.7928	2	280	
2.1	2.2	8	19	3	3	186	7264	196	7900	0.00103037	0.00127171	0	0.003	40.3061	38.137	2	114	
2.1	2.2	2	20	19	3	4	68	4	68	0.00075	0.0015	0	0.003	17	30	2	62	
2.1	2.2	7	21	7	3	3411	3371928	5114	3795091	0.000737322	0.000723531	0	0.00383214	742.098	1907.85	5	9422	
2.2	2.3	2	1	9	3	4179	5632427	7094	6415055	0.000625331	0.000680741	0	0.00383214	904.293	1697.26	5	9422	
2.2	2.3	3	2	1	3	148	6305	158	6732	0.00118928	0.00122918	0	0.003	42.6076	31.0565	2	164	
2.2	2.3	7	3	1	3	6	74	7	76	0.000232652	0.000397463	0	0.00083214	10.8571	18.0317	2	50	
2.2	2.3	1	4	10	3	12	308	12	308	0.000870833	0.00131311	0	0.003	25.6667	29.2678	2	62	
2.2	2.3	3	5	2	3	4213	5317883	6223	6503571	0.00075769	0.000663783	0	0.003	1045.09	1769.98	7	9422	
2.2	2.3	1	6	6	3	89	4047	90	4161	0.00138353	0.00127942	0	0.003	46.2333	34.043	2	169	
2.2	2.3	1	7	17	3	148	5369	159	5951	0.000983512	0.00118092	0	0.003	37.4277	31.9276	2	114	
2.2	2.3	4	8	2	3	33	910	33	910	0.000906818	0.00133482	0	0.003	27.5758	37.389	2	114	
2.2	2.3	5	9	1	3	2760	5224504	2921	5405450	0.00108134	0.000698141	0	0.003	1850.55	2364.54	14	9422	
2.2	2.3	1	10	4	3	182	7886	182	7998	0.00122578	0.00120695	0	0.003	43.9451	34.5536	2	225	
2.2	2.3	6	11	4	3	181	6918	202	7632	0.000988702	0.00126236	0	0.003	37.7822	37.6127	2	114	
2.2	2.3	6	12	3	3	12	308	12	308	0.000670833	0.00112872	0	0.003	25.6667	29.2678	2	62	
2.2	2.3	1	13	5	3	3792	5321711	3789	5318648	0.000909853	0.000571749	0.000635713	0.003	1403.71	2198.79	36	9422	
2.2	2.3	1	14	18	3	295	14932	321	16040	0.00141343	0.00128326	0	0.00383214	49.9688	40.7235	2	336	
2.2	2.3	1	15	3	3	87	3202	91	3378	0.00100761	0.00125961	0	0.003	37.1209	35.0989	2	114	
2.2	2.3	1	16	14	3	64	1867	66	1983	0.000789934	0.0011653	0	0.003	30.0455	34.3719	2	169	
2.2	2.3	3	17	3	3	3037	3633470	6709	4459594	0.000523674	0.000695757	0	0.003	664.718	1771.94	5	9422	
2.2	2.3	1	18	4	3	468	22002	481	22588	0.00119346	0.00123501	0	0.003	46.9605	37.2848	2	280	
2.2	2.3	8	19	3	3	186	7264	196	7900	0.00103037	0.00127171	0	0.003	40.3061	38.137	2	114	
2.2	2.3	2	20	19	3	4	68	4	68	0.00075	0.0015	0	0.003	17	30	2	62	
2.2	2.3	7	21	7	3	3738	3532515	5453	3964665	0.000753547	0.000715304	0	0.00383214	727.061	1897.12	5	9422	
2.3	2.4	2	1	9	3	4441	5859476	7402	6649051	0.000639599	0.000681462	0	0.00383214	898.278	1701.03	5	9422	
2.3	2.4	3	2	1	3	148	6305	158	6732	0.00118928	0.00122918	0	0.003	42.6076	31.0565	2	164	
2.3	2.4	7	3	1	3	6	74	7	76	0.000232652	0.000397463	0	0.00083214	10.8571	18.0317	2	50	
2.3	2.4	1	4	10	3	12	308	12	308	0.000870833	0.00131311	0	0.003	25.6667	29.2678	2	62	
2.3	2.4	3	5	2	3	4415	5569146	6439	6765695	0.000766007	0.000662491	0	0.003	1050.74	1779.42	7	9422	
2.3	2.4	1	6	6	3	89	4047	90	4161	0.00138353	0.00127942	0	0.003	46.2333	34.043	2	169	
2.3	2.4	2	7	3	3	161	5679	172	6261	0.000970244	0.00118557	0	0.003	36.4012	31.8652	2	114	
2.3	2.4	1	8	1	3	39	1090	39	1090	0.000958058	0.0013419	0	0.003	27.9487	36.0803	2	114	
2.3	2.4	5	9	1	3	2872	5477078	3035	5652544	0.00108022	0.000698916	0	0.003	1862.45	2370.15	14	9422	
2.3	2.4	2	10	4	3	193	8253	199	8556	0.0011851	0.00121894	0	0.003	42.995	34.5213	2	225	
2.3	2.4	1	11	4	3	197	7622	221	8454	0.000964366	0.00123975	0	0.003	38.2534	37.8544	2	114	
2.3	2.4	6	12	3	3	12	308	12	308	0.000670833	0.00112872	0	0.003	25.6667	29.2678	2	62	
2.3	2.4	1	13	5	3	4015	5578501	4013	5577183	0.000907571	0.000568608	0.000635713	0.003	1389.78	2189.64	36	9422	
2.3	2.4	7	14	6	3	298	14941	322	16042	0.00140904	0.00128368	0	0.00383214	49.8199	40.7478	2	336	
2.3	2.4	7	15	3	3	103	3740	108	3974	0.00101068	0.00126745	0	0.003	36.7963	34.855	2	114	
2.3	2.4	1	16	14	3	64	1867	66	1983	0.000789934	0.0011653	0	0.003	30.0455	34.3719	2	169	
2.3	2.4	3	17	3	3	3345	3825140	7040	4651781	0.000545226	0.000695379	0	0.003	660.764	1769.54	5	9422	
2.3	2.4	1	18	2	3	494	23230	508	23874	0.00120217	0.00123913	0	0.003	46.9961	37.1276	2	280	
2.3	2.4	8	19	3	3	186	7264	196	7900	0.00103037	0.00127171	0	0.003	40.3061	38.137	2	114	
2.3	2.4	2	20	19	3	4	68	4	68	0.00075	0.0015	0	0.003	17	30	2	62	
2.3	2.4	7	21	7	3	4040	3716493	5776	4148998	0.00076989	0.000710927	0	0.00383214	718.317	1889.09	5	9422	
2.4	2.5	2	1	9	3	4633	6058555	7632	6858552	0.000644562	0.000678522	0	0.00383214	898.657	1702.25	5	9422	
2.4	2.5	3	2	1	3	148	6305	158	6732	0.00118928	0.00122918	0	0.003	42.6076	31.0565	2	164	
2.4	2.5	7	3	1	3	6	74	7	76	0.000232652	0.000397463	0	0.00083214	10.8571	18.0317	2	50	
2.4	2.5	1	4	10	3	12	308	12	308	0.000870833	0.00131311	0	0.003	25.6667	29.2678	2	62	
2.4	2.5	3	5	2	3	4579	5799080	6613	7004730	0.000772248	0.000661258	0	0.003	1059.24	1787.56	7	9422	
2.4	2.5	1	6	6	3	89	4047	90	4161	0.00138353	0.00127942	0	0.003	46.2333	34.043	2	169	
2.4	2.5	2	7	17	3	177	6441	188	7023	0.000978818	0.00118663	0	0.003	37.3564	36.0554	2	280	
2.4	2.5	1	8	1	3	39	1090	39	1090	0.000958058	0.0013419	0	0.003	27.9487	36.0803	2	114	
2.4	2.5	5	9	1	3	3016	5679018	3195	5878288	0.001078	0.000697088	0	0.003	1839.84	2361.19	14	9422	
2.4	2.5	2	10	4	3	198	9102	205	9414	0.00118359	0.00121406	0	0.003	45.922	48.2004	2	429	
2.4	2.5	6	11	4	3	214	8216	240	9108	0.00097994	0.00124742	0	0.003	37.95	37.5117	2	114	
2.4	2.5	6	12	3	3	12	308	12	308	0.000670833	0.00112872	0	0.003	25.6667	29.2678	2	62	
2.4	2.5	2	13	5	3	4236	5800382	4234	5799106	0.000902269	0.000563684	0.000635713	0.003	1369.65	2171.6	36	9422	
2.4	2.5	1	14	12	3	367	19233	397	20623	0.00138282	0.00123428	0	0.00383214	51.9471	44.9514	2	447	
2.4	2.5	7	15	3	3	120	4501	125	4735	0.00101371	0.00127125	0	0.003	37.88	37.2034	2	169	
2.4	2.5	5	16	4	3	67	1929	69	2045	0.000775672	0.00114952	0	0.003	29.6377	34.114	2	169	
2.4	2.5	3	17	3	3	3533	3943102	7259	4781917	0.00056122	0.000698909	0	0.003	658.757	1774.71	5	9422	
2.4	2.5	1	18	4	3	522	24574	537	25276	0.00120896	0.00124086	0	0.003	47.0689	36.9227	2	280	
2.4	2.5	8	19	3	3	186	7264	196	7900	0.00103037	0.00127171	0	0.003	40.3061	38.137	2	114	
2.4	2.5	2	20	19	3	4	68	4	68	0.00075	0.0015	0	0.003	17	30	2	62	
2.4	2.5	2	21	13	3	4105	3817309	5851	4250322	0.000775228	0.00071482	0	0.00383214	726.427	1912.21	5	9422	
2.5	2.6	2	1	15	3	4659	6169670	7953	7034835	0.000624818	0.000681659	0	0.00383214	884.551	1702.62	5	9422	
2.5	2.6	3	2	1	3	148	6305	158	6732	0.00118928	0.00122918	0	0.003	42.6076	31.0565	2	164	
2.5	2.6	7	3	1	3	6	74	7	76	0.000232652	0.000397463	0	0.00083214	10.8571	18.0317	2	50	
2.5	2.6	1	4	10	3	12	308	12	308	0.000870833	0.00131311	0	0.003	25.6667	29.2678	2	62	
2.5	2.6	1	5	2	3	4749	6022586	6789	7233784	0.000777713	0.000659667	0	0.003	1065.52	1798.1	7	9422	
2.5	2.6	1	6	6	3	89	4047	90	4161	0.00138353	0.00127942	0	0.003	46.2333	34.043	2	169	
2.5	2.6	2	7	3	3	199	7088	210	7687	0.000975441	0.00118576	0	0.003	36.6048	35.2234	2	280	
2.5	2.6	1	8	1	3	39	1090	39	1090	0.000958058	0.0013419	0	0.003	27.9487	36.0803	2	114	
2.5	2.6	1	9	11	3	3122	5904880	3315	6122197	0.00107986	0.000697832	0	0.003	1846.82	2361.26	14	9422	
2.5	2.6	2	10	4	3	198	9102	205	9414	0.00118359	0.00121406	0	0.003	45.922	48.2004	2	429	
2.5	2.6	6	11	4	3	228	8860	254	9752	0.000955778	0.00123086	0	0.003	38.3937	38.2234	2	114	
2.5	2.6	6	12	3	3	12	308	12	308	0.000670833	0.00112872	0	0.003	25.6667	29.2678	2	62	
2.5	2.6	2	13	5	3	4549	6050764	4546	6040496	0.000895761	0.000555601	0.000635713	0.003	1328.75	2145.81	18	9422	
2.5	2.6	2	14	12	3	401	20493	433	21999	0.00136435	0.00123238	0	0.00383214	50.806	44.6747	2	447	
2.5	2.6	7	15	3	3	135	5147	141	5439	0.00100182	0.00126758	0	0.003	38.5745	37.8326	2	169	
2.5	2.6	1	16	14	3	71	2049	73	2165	0.000784931	0.00115469	0	0.003	29.6575	33.8034	2	169	
2.5	2.6	3	17	5	3	3580	4120331	7459	4995454	0.000555061	0.000701013	0	0.003	669.722	1786.79	5	9422	
2.5	2.6	1	18	4	3	547	25800	562	26502	0.00121895	0.00124522	0	0.003	47.1566	36.8106	2	280	
2.5	2.6	8	19	3	3	186	7264	196	7900	0.00103037	0.00127171	0	0.003	40.3061	38.137	2	114	
2.5	2.6	2	20	19	3	4	68	4	68	0.00075	0.0015	0	0.003	17	30	2	62	
2.5	2.6	2	21	13	3	4425	3949044	6208	4384445	0.000783709	0.000705421	0	0.00383214	706.257	1898.08	5	9422	
2.6	2.7	2	1	9	3	4938	6466693	8356	7372331	0.00062553	0.000676699	0	0.00383214	882.28	1693.11	5	9422	
2.6	2.7	3	2	1	3	148	6305	158	6732	0.00118928	0.00122918	0	0.003	42.6076	31.0565	2	164	
2.6	2.7	7	3	1	3	6	74	7	76	0.000232652	0.000397463	0	0.00083214	10.8571	18.0317	2	50	
2.6	2.7	1	4	10	3	12	308	12	308	0.000870833	0.00131311	0	0.003	25.6667	29.2678	2	62	
2.6	2.7	3	5	2	3	4949	6249867	7002	7468828	0.000784677	0.00065739	0	0.003	1066.67	1803.6	7	9422	
2.6	2.7	1	6	6	3	89	4047	90	4161	0.00138353	0.00127942	0	0.003	46.2333	34.043	2	169	
2.6	2.7	1	7	3	3	219	7773	236	8615	0.000982248	0.00117492	0	0.003	36.5042	34.2981	2	280	
2.6	2.7	1	8	1	3	39	1090	39	1090	0.000958058	0.0013419	0	0.003	27.9487	36.0803	2	114	
2.6	2.7	5	9	1	3	3234	6137306	3430	6358565	0.00107826	0.00069736	0	0.003	1853.81	2362.93	14	9422	
2.6	2.7	2	10	4	3	198	9102	205	9414	0.00118359	0.00121406	0	0.003	45.922	48.2004	2	429	
2.6	2.7	1	11	4	3	246	9568	274	10744	0.000968847	0.00123626	0	0.003	39.2117	38.519	2	114	
2.6	2.7	6	12	3	3	12	308	12	308	0.000670833	0.00112872	0	0.003	25.6667	29.2678	2	62	
2.6	2.7	2	13	20	3	4816	6295973	4815	6286551	0.00089242	0.000550405	0.000635713	0.003	1305.62	2129.07	18	9422	
2.6	2.7	2	14	12	3	422	21390	460	22965	0.00135321	0.00122594	0	0.00383214	49.9239	44.3562	2	447	
2.6	2.7	7	15	3	3	150	5737	158	6145	0.000986301	0.00126296	0	0.003	38.8924	37.7831	2	169	
2.6	2.7	5	16	4	3	76	2115	78	2231	0.000742765	0.00113015	0	0.003	28.6026	33.4293	2	169	
2.6	2.7	3	17	5	3	3591	4223973	7791	5179574	0.000535644	0.000700881	0	0.003	664.815	1781.42	5	9422	
2.6	2.7	8	18	2	3	565	26732	585	27668	0.00121032	0.00124223	0	0.003	47.2957	36.72	2	280	
2.6	2.7	8	19	3	3	186	7264	196	7900	0.00103037	0.00127171	0	0.003	40.3061	38.137	2	114	
2.6	2.7	2	20	19	3	4	68	4	68	0.00075	0.0015	0	0.003	17	30	2	62	
2.6	2.7	2	21	13	3	4658	4080566	6472	4516955	0.000790215	0.000700313	0	0.00383214	697.923	1897.03	5	9422	
2.7	2.8	2	1	9	3	5320	6800807	8750	7711245	0.000637383	0.000670379	0	0.00383214	881.285	1691.48	5	9422	
2.7	2.8	3	2	1	3	148	6305	158	6732	0.00118928	0.00122918	0	0.003	42.6076	31.0565	2	164	
2.7	2.8	7	3	1	3	6	74	7	76	0.000232652	0.000397463	0	0.00083214	10.8571	18.0317	2	50	
2.7	2.8	1	4	10	3	12	308	12	308	0.000870833	0.00131311	0	0.003	25.6667	29.2678	2	62	
2.7	2.8	3	5	2	3	5150	6511218	7204	7722587	0.00078964	0.000655513	0	0.003	1071.99	1815.62	7	9422	
2.7	2.8	1	6	6	3	89	4047	90	4161	0.00138353	0.00127942	0	0.003	46.2333	34.043	2	169	
2.7	2.8	2	7	3	3	239	8431	258	9389	0.000984537	0.00117616	0	0.003	36.3915	33.6827	2	280	
2.7	2.8	1	8	1	3	39	1090	39	1090	0.000958058	0.0013419	0	0.003	27.9487	36.0803	2	114	
2.7	2.8	5	9	11	3	3347	6397994	3547	6624509	0.00107802	0.00069874	0	0.003	1867.64	2373.82	14	9422	
2.7	2.8	2	10	4	3	198	9102	205	9414	0.00118359	0.00121406	0	0.003	45.922	48.2004	2	429	
2.7	2.8	6	11	4	3	260	10156	292	11452	0.000964126	0.00123481	0	0.003	39.2192	38.726	2	114	
2.7	2.8	6	12	3	3	12	308	12	308	0.000670833	0.00112872	0	0.003	25.6667	29.2678	2	62	
2.7	2.8	2	13	5	3	5059	6546501	5058	6546240	0.000892258	0.000549176	0.000635713	0.003	1294.23	2127.35	18	9422	
2.7	2.8	2	14	12	3	422	21390	460	22965	0.00135321	0.00122594	0	0.00383214	49.9239	44.3562	2	447	
2.7	2.8	7	15	3	3	168	6445	178	6913	0.000990108	0.00125826	0	0.003	38.8371	37.6532	2	169	
2.7	2.8	5	16	4	3	80	2291	82	2407	0.00072378	0.00110796	0	0.003	29.3537	34.3502	2	169	
2.7	2.8	3	17	3	3	3881	4512260	8148	5496422	0.00055306	0.000702575	0	0.003	674.573	1780.29	5	9422	
2.7	2.8	8	18	2	3	565	26732	585	27668	0.00121032	0.00124223	0	0.003	47.2957	36.72	2	280	
2.7	2.8	8	19	3	3	186	7264	196	7900	0.00103037	0.00127171	0	0.003	40.3061	38.137	2	114	
2.7	2.8	2	20	19	3	4	68	4	68	0.00075	0.0015	0	0.003	17	30	2	62	
2.7	2.8	1	21	13	3	4974	4255143	6849	4693897	0.000797684	0.000692789	0	0.00383214	685.34	1890.47	5	9422	
2.8	2.9	2	1	9	3	5623	7089385	9067	8015530	0.000646002	0.000666637	0	0.00383214	884.033	1696.67	5	9422	
2.8	2.9	3	2	1	3	148	6305	158	6732	0.00118928	0.00122918	0	0.003	42.6076	31.0565	2	164	
2.8	2.9	7	3	1	3	6	74	7	76	0.000232652	0.000397463	0	0.00083214	10.8571	18.0317	2	50	
2.8	2.9	1	4	10	3	12	308	12	308	0.000870833	0.00131311	0	0.003	25.6667	29.2678	2	62	
2.8	2.9	3	5	2	3	5366	6774722	7424	7997774	0.000793914	0.000653356	0	0.003	1077.29	1828.06	7	9422	
2.8	2.9	1	6	6	3	89	4047	90	4161	0.00138353	0.00127942	0	0.003	46.2333	34.043	2	169	
2.8	2.9	2	7	3	3	259	9143	277	10043	0.000971982	0.00116684	0	0.003	36.2563	33.3062	2	280	
2.8	2.9	1	8	1	3	39	1090	39	1090	0.000958058	0.0013419	0	0.003	27.9487	36.0803	2	114	
2.8	2.9	5	9	1	3	3465	6654774	3667	6875809	0.00107862	0.00069923	0	0.003	1875.05	2380.92	14	9422	
2.8	2.9	2	10	4	3	198	9102	205	9414	0.00118359	0.00121406	0	0.003	45.922	48.2004	2	429	
2.8	2.9	1	11	4	3	274	10800	308	12212	0.00096163	0.00123605	0	0.003	39.6494	39.135	2	114	
2.8	2.9	6	12	3	3	12	308	12	308	0.000670833	0.00112872	0	0.003	25.6667	29.2678	2	62	
2.8	2.9	1	13	5	3	5298	6811693	5296	6810375	0.000891885	0.000548417	0.000635713	0.003	1285.95	2126.33	18	9422	
2.8	2.9	2	14	12	3	422	21390	460	22965	0.00135321	0.00122594	0	0.00383214	49.9239	44.3562	2	447	
2.8	2.9	1	15	3	3	184	7093	196	7789	0.000976803	0.00125224	0	0.003	39.7398	38.2604	2	169	
2.8	2.9	5	16	4	3	84	2411	87	2529	0.000689696	0.00108603	0	0.003	29.069	35.0623	2	169	
2.8	2.9	3	17	3	3	4189	4785136	8491	5763634	0.000569985	0.000701854	0	0.003	678.793	1778.5	5	9422	
2.8	2.9	1	18	4	3	571	26968	591	27904	0.00121326	0.00124546	0	0.003	47.2149	36.7832	2	280	
2.8	2.9	8	19	3	3	186	7264	196	7900	0.00103037	0.00127171	0	0.003	40.3061	38.137	2	114	
2.8	2.9	2	20	14	3	10	192	9	190	0.000749206	0.00129904	0	0.003	21.1111	28.6899	2	62	
2.8	2.9	1	21	13	3	5258	4416202	7188	4856410	0.00080226	0.000687691	0	0.00383214	675.627	1886.29	5	9422	
2.9	3	2	1	9	3	5919	7341391	9407	8282067	0.000656779	0.000664441	0	0.00383214	880.415	1698.11	5	9422	
2.9	3	3	2	1	3	148	6305	158	6732	0.00118928	0.00122918	0	0.003	42.6076	31.0565	2	164	
2.9	3	8	3	6	3	7	76	8	78	0.000203571	0.000377061	0	0.00083214	9.75	16.9853	2	50	
2.9	3	1	4	10	3	12	308	12	308	0.000870833	0.00131311	0	0.003	25.6667	29.2678	2	62	
2.9	3	3	5	2	3	5581	7047974	7652	8269183	0.000798682	0.000651607	0	0.003	1080.66	1835.77	7	9422	
2.9	3	1	6	6	3	89	4047	90	4161	0.00138353	0.00127942	0	0.003	46.2333	34.043	2	169	
2.9	3	2	7	3	3	276	9737	295	10695	0.00096351	0.00115928	0	0.003	36.2542	32.9699	2	280	
2.9	3	1	8	1	3	39	1090	39	1090	0.000958058	0.0013419	0	0.003	27.9487	36.0803	2	114	
2.9	3	5	9	1	3	3578	6906040	3783	7139125	0.00107982	0.000700726	0	0.003	1887.16	2390.72	14	9422	
2.9	3	2	10	4	3	198	9102	205	9414	0.00118359	0.00121406	0	0.003	45.922	48.2004	2	429	
2.9	3	1	11	3	3	291	11506	324	12804	0.000963304	0.00123511	0	0.003	39.5185	38.8824	2	114	
2.9	3	6	12	3	3	12	308	12	308	0.000670833	0.00112872	0	0.003	25.6667	29.2678	2	62	
2.9	3	2	13	5	3	5544	7063563	5541	7062197	0.000891362	0.000546581	0.000635713	0.003	1274.53	2121.74	18	9422	
2.9	3	2	14	12	3	422	21390	460	22965	0.00135321	0.00122594	0	0.00383214	49.9239	44.3562	2	447	
2.9	3	7	15	3	3	198	7681	210	8377	0.000951615	0.00123194	0	0.003	39.8905	38.7171	2	169	
2.9	3	1	16	14	3	90	2591	93	2709	0.000707258	0.00108916	0	0.003	29.129	34.6464	2	169	
2.9	3	3	17	5	3	4370	4974484	8782	5986864	0.000575298	0.00070281	0	0.003	681.72	1784.61	5	9422	
2.9	3	8	18	2	3	600	28258	620	29194	0.00121255	0.0012457	0	0.003	47.0871	36.5666	2	280	
2.9	3	8	19	3	3	186	7264	196	7900	0.00103037	0.00127171	0	0.003	40.3061	38.137	2	114	
2.9	3	2	20	19	3	16	372	15	370	0.000811666	0.00122415	0	0.003	24.6667	28.7518	2	62	
2.9	3	1	21	8	3	5272	4548110	7493	5013625	0.000775209	0.000697824	0	0.00383214	669.108	1889.37	5	9422	
3	3.1	2	1	9	3	6203	7589311	9718	8541469	0.000662892	0.000660921	0	0.00383214	878.933	1699.3	5	9422	
3	3.1	2	2	10	3	151	6311	160	6736	0.00117442	0.0012286	0	0.003	42.1	31.1907	2	164	
3	3.1	1	3	13	3	25	672	25	616	0.000653428	0.000998056	0	0.003	24.64	27.3174	2	58	
3	3.1	2	4	1	3	19	380	19	380	0.000627255	0.0010972	0	0.003	20	26.5916	2	62	
3	3.1	3	5	2	3	5805	7298894	7881	8530950	0.000803041	0.000648498	0	0.003	1082.47	1840.13	7	9422	
3	3.1	1	6	6	3	89	4047	90	4161	0.00138353	0.00127942	0	0.003	46.2333	34.043	2	169	
3	3.1	1	7	3	3	294	10389	314	11405	0.000966548	0.00116345	0	0.003	36.3217	32.6404	2	280	
3	3.1	1	8	1	3	39	1090	39	1090	0.000958058	0.0013419	0	0.003	27.9487	36.0803	2	114	
3	3.1	5	9	1	3	3718	7155817	3931	7388898	0.00107692	0.000698053	0	0.003	1879.65	2385.29	14	9422	
3	3.1	2	10	4	3	198	9102	205	9414	0.00118359	0.00121406	0	0.003	45.922	48.2004	2	429	
3	3.1	1	11	3	3	294	11680	328	13092	0.000978995	0.00124398	0	0.003	39.9146	39.1468	2	114	
3	3.1	6	12	3	3	12	308	12	308	0.000670833	0.00112872	0	0.003	25.6667	29.2678	2	62	
3	3.1	2	13	5	3	5787	7306613	5785	7305122	0.00088982	0.000544385	0.000635713	0.003	1262.77	2114.86	18	9422	
3	3.1	2	14	12	3	422	21390	460	22965	0.00135321	0.00122594	0	0.00383214	49.9239	44.3562	2	447	
3	3.1	7	15	3	3	216	8389	228	9141	0.000960134	0.00123448	0	0.003	40.0921	38.5458	2	169	
3	3.1	5	16	4	3	94	2655	97	2773	0.00070902	0.00109874	0	0.003	28.5876	34.3765	2	169	
3	3.1	1	17	5	3	4382	5087548	9133	6254081	0.00055713	0.000703305	0	0.003	684.778	1779.63	5	9422	
3	3.1	8	18	2	3	623	29480	643	30416	0.00121094	0.00124618	0	0.003	47.3033	36.8512	2	280	
3	3.1	8	19	9	3	199	7682	211	8378	0.00100142	0.0012594	0	0.003	39.7062	37.959	2	114	
3	3.1	1	20	19	3	22	512	19	506	0.000837781	0.00122651	0	0.003	26.6316	29.7624	2	66	
3	3.1	2	21	8	3	5283	4651752	7842	5153835	0.000744918	0.000705135	0	0.00383214	657.209	1879.35	5	9422	
3.1	3.2	2	1	9	3	6456	7813090	9996	8777118	0.00067035	0.000659374	0	0.00383214	878.063	1698.87	5	9422	
3.1	3.2	2	2	10	3	182	7607	192	8034	0.00117195	0.0012141	0	0.003	41.8438	30.2606	2	164	
3.1	3.2	1	3	6	3	44	1326	45	1383	0.00082119	0.00113039	0	0.003	30.7333	27.8913	2	58	
3.1	3.2	2	4	1	3	24	558	24	614	0.00061994	0.00100185	0	0.003	25.5833	28.0371	2	62	
3.1	3.2	3	5	2	3	6017	7527440	8096	8760078	0.00080562	0.000644687	0	0.003	1082.03	1841.44	7	9422	
3.1	3.2	1	6	6	3	89	4047	90	4161	0.00138353	0.00127942	0	0.003	46.2333	34.043	2	169	
3.1	3.2	1	7	17	3	315	11051	335	12067	0.00096533	0.00116048	0	0.003	36.0209	32.3062	2	280	
3.1	3.2	1	8	1	3	39	1090	39	1090	0.000958058	0.0013419	0	0.003	27.9487	36.0803	2	114	
3.1	3.2	5	9	1	3	3935	7379060	4153	7623812	0.00106952	0.000690404	0	0.003	1835.74	2366.59	14	9422	
3.1	3.2	2	10	4	3	198	9102	205	9414	0.00118359	0.00121406	0	0.003	45.922	48.2004	2	429	
3.1	3.2	1	11	3	3	294	11680	328	13092	0.000978995	0.00124398	0	0.003	39.9146	39.1468	2	114	
3.1	3.2	6	12	3	3	12	308	12	308	0.000670833	0.00112872	0	0.003	25.6667	29.2678	2	62	
3.1	3.2	1	13	5	3	6003	7536880	6001	7535562	0.000887619	0.00054238	0.000635713	0.003	1255.72	2107.12	18	9422	
3.1	3.2	2	14	12	3	422	21390	460	22965	0.00135321	0.00122594	0	0.00383214	49.9239	44.3562	2	447	
3.1	3.2	7	15	3	3	232	9037	245	9791	0.000956559	0.00123195	0	0.003	39.9633	38.52	2	169	
3.1	3.2	5	16	4	3	99	2777	102	2895	0.000711834	0.00110205	0	0.003	28.3824	34.0783	2	169	
3.1	3.2	3	17	3	3	4462	5269229	9403	6500739	0.000552728	0.000704283	0	0.003	691.347	1776.36	5	9422	
3.1	3.2	8	18	2	3	650	30822	671	31872	0.00122166	0.00124942	0	0.003	47.4993	36.8983	2	280	
3.1	3.2	1	19	9	3	216	8332	230	9088	0.000987919	0.00125166	0	0.003	39.513	37.5457	2	114	
3.1	3.2	3	20	6	3	31	834	28	828	0.000842219	0.0012162	0	0.003	29.5714	34.9279	2	130	
3.1	3.2	2	21	13	3	5314	4750501	7887	5252932	0.000745779	0.000709006	0	0.00383214	666.024	1900.1	5	9422	
3.2	3.3	2	1	9	3	6753	8056653	10326	9033291	0.000677615	0.000655958	0	0.00383214	874.81	1694.37	5	9422	
3.2	3.3	2	2	10	3	194	8141	205	8590	0.00118901	0.00121918	0	0.003	41.9024	30.217	2	164	
3.2	3.3	8	3	6	3	61	1976	66	2159	0.00079264	0.00109979	0	0.003	32.7121	30.9981	2	114	
3.2	3.3	2	4	1	3	29	682	30	760	0.00056988	0.00093217	0	0.003	25.3333	29.2024	2	96	
3.2	3.3	3	5	2	3	6218	7752019	8302	8988011	0.000809046	0.00064229	0	0.003	1082.63	1843.22	7	9422	
3.2	3.3	1	6	6	3	89	4047	90	4161	0.00138353	0.00127942	0	0.003	46.2333	34.043	2	169	
3.2	3.3	2	7	3	3	333	11703	354	12777	0.000985602	0.0011729	0	0.003	36.0932	32.045	2	280	
3.2	3.3	1	8	1	3	39	1090	39	1090	0.000958058	0.0013419	0	0.003	27.9487	36.0803	2	114	
3.2	3.3	5	9	1	3	4096	7608777	4316	7856247	0.00106591	0.000687053	0	0.003	1820.26	2358.31	14	9422	
3.2	3.3	2	10	4	3	198	9102	205	9414	0.00118359	0.00121406	0	0.003	45.922	48.2004	2	429	
3.2	3.3	1	11	3	3	294	11680	328	13092	0.000978995	0.00124398	0	0.003	39.9146	39.1468	2	114	
3.2	3.3	6	12	3	3	12	308	12	308	0.000670833	0.00112872	0	0.003	25.6667	29.2678	2	62	
3.2	3.3	1	13	5	3	6212	7758171	6212	7758171	0.000886818	0.000540402	0.000635713	0.003	1248.9	2100.61	18	9422	
3.2	3.3	2	14	12	3	422	21390	460	22965	0.00135321	0.00122594	0	0.00383214	49.9239	44.3562	2	447	
3.2	3.3	7	15	3	3	248	9629	262	10441	0.000961927	0.00123618	0	0.003	39.8511	38.1838	2	169	
3.2	3.3	5	16	4	3	106	2959	109	3077	0.000726998	0.00111863	0	0.003	28.2294	33.7072	2	169	
3.2	3.3	3	17	3	3	4634	5508868	9757	6845030	0.000550637	0.00070188	0	0.003	701.551	1767.11	5	9422	
3.2	3.3	8	18	2	3	678	32110	700	33274	0.00122397	0.00124891	0	0.003	47.5343	36.8712	2	280	
3.2	3.3	8	19	3	3	235	9042	251	9802	0.000978115	0.00124943	0	0.003	39.0518	37.1915	2	114	
3.2	3.3	3	20	6	3	37	1014	34	1008	0.000870693	0.00120124	0	0.003	29.6471	33.7745	2	130	
3.2	3.3	1	21	8	3	5496	4884865	8079	5378825	0.000750056	0.000707817	0	0.00383214	665.779	1904.15	5	9422	
3.3	3.4	2	1	9	3	7090	8285369	10685	9271834	0.000685884	0.000651673	0	0.00383214	867.743	1690.67	5	9422	
3.3	3.4	2	2	10	3	194	8141	205	8590	0.00118901	0.00121918	0	0.003	41.9024	30.217	2	164	
3.3	3.4	8	3	6	3	77	2568	85	2869	0.000802478	0.00109172	0	0.003	33.7529	31.4177	2	114	
3.3	3.4	1	4	10	3	34	862	35	940	0.000616632	0.000966167	0	0.003	26.8571	31.5596	2	114	
3.3	3.4	3	5	2	3	6420	7987976	8516	9224192	0.000813551	0.000640315	0	0.003	1083.16	1846.37	7	9422	
3.3	3.4	1	6	6	3	89	4047	90	4161	0.00138353	0.00127942	0	0.003	46.2333	34.043	2	169	
3.3	3.4	2	7	3	3	352	12307	374	13439	0.000985456	0.00116955	0	0.003	35.9332	31.7514	2	280	
3.3	3.4	1	8	1	3	39	1090	39	1090	0.000958058	0.0013419	0	0.003	27.9487	36.0803	2	114	
3.3	3.4	5	9	1	3	4306	7850641	4540	8106573	0.00106393	0.000681381	0	0.003	1785.59	2346.79	14	9422	
3.3	3.4	2	10	4	3	198	9102	205	9414	0.00118359	0.00121406	0	0.003	45.922	48.2004	2	429	
3.3	3.4	1	11	3	3	294	11680	328	13092	0.000978995	0.00124398	0	0.003	39.9146	39.1468	2	114	
3.3	3.4	6	12	3	3	12	308	12	308	0.000670833	0.00112872	0	0.003	25.6667	29.2678	2	62	
3.3	3.4	2	13	5	3	6438	7995045	6436	7993727	0.000886146	0.000538641	0.000635713	0.003	1242.03	2094.94	18	9422	
3.3	3.4	2	14	12	3	422	21390	460	22965	0.00135321	0.00122594	0	0.00383214	49.9239	44.3562	2	447	
3.3	3.4	7	15	3	3	266	10337	281	11207	0.000945449	0.00122501	0	0.003	39.8826	38.077	2	169	
3.3	3.4	1	16	14	3	111	3137	115	3257	0.000722391	0.00111777	0	0.003	28.3217	34.2464	2	169	
3.3	3.4	3	17	3	3	4964	5924595	10117	7279150	0.00056551	0.000700328	0	0.003	719.497	1762.84	5	9422	
3.3	3.4	1	18	4	3	705	33340	726	34446	0.00123375	0.00125271	0	0.003	47.4463	36.5999	2	280	
3.3	3.4	8	19	3	3	249	9630	266	10448	0.000986586	0.00125552	0	0.003	39.2782	37.5698	2	114	
3.3	3.4	3	20	6	3	43	1194	40	1188	0.00081991	0.00113677	0	0.003	29.7	32.9523	2	130	
3.3	3.4	1	21	13	3	5737	5059394	8343	5542361	0.000754851	0.000704735	0	0.00383214	664.313	1905.1	5	9422	
3.4	3.5	2	1	9	3	7325	8527135	10955	9531506	0.00069309	0.000651115	0	0.00383214	870.06	1692.7	5	9422	
3.4	3.5	1	2	21	3	195	8199	206	8648	0.0011978	0.00122273	0	0.003	41.9806	30.1641	2	164	
3.4	3.5	8	3	6	3	95	3276	104	3579	0.000877163	0.00116248	0	0.003	34.4135	32.6091	2	114	
3.4	3.5	4	4	4	3	38	926	39	1004	0.000590292	0.000939326	0	0.003	25.7436	31.0515	2	114	
3.4	3.5	3	5	2	3	6647	8227693	8752	9479270	0.000817497	0.000637841	0	0.003	1083.1	1847.19	7	9422	
3.4	3.5	1	6	6	3	89	4047	90	4161	0.00138353	0.00127942	0	0.003	46.2333	34.043	2	169	
3.4	3.5	2	7	3	3	368	13069	389	14143	0.000987595	0.00117283	0	0.003	36.3573	34.1295	2	280	
3.4	3.5	1	8	1	3	39	1090	39	1090	0.000958058	0.0013419	0	0.003	27.9487	36.0803	2	114	
3.4	3.5	5	9	1	3	4537	8089020	4778	8349795	0.00105936	0.000675391	0	0.003	1747.55	2327.92	14	9422	
3.4	3.5	2	10	4	3	198	9102	205	9414	0.00118359	0.00121406	0	0.003	45.922	48.2004	2	429	
3.4	3.5	6	11	4	3	303	11922	337	13334	0.000974427	0.0012431	0	0.003	39.5668	38.9434	2	114	
3.4	3.5	6	12	3	3	12	308	12	308	0.000670833	0.00112872	0	0.003	25.6667	29.2678	2	62	
3.4	3.5	1	13	5	3	6609	8211993	6609	8211993	0.000886392	0.000538999	0.000635713	0.003	1242.55	2097.42	18	9422	
3.4	3.5	2	14	12	3	422	21390	460	22965	0.00135321	0.00122594	0	0.00383214	49.9239	44.3562	2	447	
3.4	3.5	1	15	3	3	283	10987	299	11915	0.000955004	0.00122759	0	0.003	39.8495	37.755	2	169	
3.4	3.5	5	16	4	3	115	3201	119	3321	0.000723319	0.00112441	0	0.003	27.9076	34.0289	2	169	
3.4	3.5	3	17	3	3	5274	6387837	10456	7748744	0.000578513	0.000698832	0	0.003	741.081	1758.13	5	9422	
3.4	3.5	8	18	2	3	733	34684	758	35910	0.00123457	0.00125283	0	0.003	47.3747	36.5902	2	280	
3.4	3.5	1	19	3	3	267	10282	285	11158	0.000992092	0.00125398	0	0.003	39.1509	36.9609	2	114	
3.4	3.5	3	20	6	3	47	1258	45	1310	0.000747301	0.00109596	0	0.003	29.1111	32.4165	2	130	
3.4	3.5	2	21	8	3	5793	5165158	8402	5643442	0.000757414	0.000707172	0	0.00383214	671.678	1922.75	5	9422	
