timestamp,ueImsiComplete,plmId,nrCellId,dlAvailablePrbs,ulAvailablePrbs,qci,dlPrbUsage,ulPrbUsage,TB.TotNbrDl.1,TB.TotNbrDlInitial,TB.TotNbrDlInitial.Qpsk,TB.TotNbrDlInitial.16Qam,TB.TotNbrDlInitial.64Qam,RRU.PrbUsedDl,TB.ErrTotalNbrDl.1,QosFlow.PdcpPduVolumeDL_Filter,CARR.PDSCHMCSDist.Bin1,CARR.PDSCHMCSDist.Bin2,CARR.PDSCHMCSDist.Bin3,CARR.PDSCHMCSDist.Bin4,CARR.PDSCHMCSDist.Bin5,CARR.PDSCHMCSDist.Bin6,L1M.RS-SINR.Bin34,L1M.RS-SINR.Bin46,L1M.RS-SINR.Bin58,L1M.RS-SINR.Bin70,L1M.RS-SINR.Bin82,L1M.RS-SINR.Bin94,L1M.RS-SINR.Bin127,DRB.BufferSize.Qos,DRB.MeanActiveUeDl,TB.TotNbrDl.1.UEID,TB.TotNbrDlInitial.UEID,TB.TotNbrDlInitial.Qpsk.UEID,TB.TotNbrDlInitial.16Qam.UEID,TB.TotNbrDlInitial.64Qam.UEID,TB.ErrTotalNbrDl.1.UEID,QosFlow.PdcpPduVolumeDL_Filter.UEID,RRU.PrbUsedDl.UEID,CARR.PDSCHMCSDist.Bin1.UEID,CARR.PDSCHMCSDist.Bin2.UEID,CARR.PDSCHMCSDist.Bin3.UEID,CARR.PDSCHMCSDist.Bin4.UEID,CARR.PDSCHMCSDist.Bin5.UEID,CARR.PDSCHMCSDist.Bin6.UEID,L1M.RS-SINR.Bin34.UEID,L1M.RS-SINR.Bin46.UEID,L1M.RS-SINR.Bin58.UEID,L1M.RS-SINR.Bin70.UEID,L1M.RS-SINR.Bin82.UEID,L1M.RS-SINR.Bin94.UEID,L1M.RS-SINR.Bin127.UEID,DRB.BufferSize.Qos.UEID,DRB.UEThpDl.UEID,DRB.UEThpDlPdcpBased.UEID
1771730914331,00004,111,2,139,139,1,0,0,0,0,0,0,0,0,0,0,0,0,0,0,0,0,0,0,0,0,0,0,0,0,6,0,0,0,0,0,0,0,0.000000,0,0,0,0,0,0,0,0,0,0,0,0,0,0,0.000000,0.000000
1771730914331,00006,111,2,139,139,1,0,0,0,0,0,0,0,0,0,0,0,0,0,0,0,0,0,0,0,0,0,0,0,0,6,0,0,0,0,0,0,0,0.000000,0,0,0,0,0,0,0,0,0,0,0,0,0,0,0.000000,0.000000
1771730914331,00007,111,2,139,139,1,0,0,0,0,0,0,0,0,0,0,0,0,0,0,0,0,0,0,0,0,0,0,0,0,6,0,0,0,0,0,0,0,0.000000,0,0,0,0,0,0,0,0,0,0,0,0,0,0,0.000000,0.000000
1771730914331,00010,111,2,139,139,1,0,0,0,0,0,0,0,0,0,0,0,0,0,0,0,0,0,0,0,0,0,0,0,0,6,0,0,0,0,0,0,0,0.000000,0,0,0,0,0,0,0,0,0,0,0,0,0,0,0.000000,0.000000
1771730914331,00013,111,2,139,139,1,0,0,0,0,0,0,0,0,0,0,0,0,0,0,0,0,0,0,0,0,0,0,0,0,6,0,0,0,0,0,0,0,0.000000,0,0,0,0,0,0,0,0,0,0,0,0,0,0,0.000000,0.000000
1771730914331,00020,111,2,139,139,1,0,0,0,0,0,0,0,0,0,0,0,0,0,0,0,0,0,0,0,0,0,0,0,0,6,0,0,0,0,0,0,0,0.000000,0,0,0,0,0,0,0,0,0,0,0,0,0,0,0.000000,0.000000
1771730914431,00004,111,2,139,139,1,11,0,125,114,11,7,107,16,11,141718,9,2,7,8,3,96,0,0,4,8,10,3,100,0,6,6,3,2,0,4,3,442,0.198571,2,0,0,4,0,0,0,0,0,3,3,0,0,0,181.333394,0.000000
1771730914431,00006,111,2,139,139,1,11,0,125,114,11,7,107,16,11,141718,9,2,7,8,3,96,0,0,4,8,10,3,100,0,6,4,4,1,0,3,0,648,0.124107,1,0,0,0,0,3,0,0,0,0,0,0,4,0,715.119520,0.000000
1771730914431,00007,111,2,139,139,1,11,0,125,114,11,7,107,16,11,141718,9,2,7,8,3,96,0,0,4,8,10,3,100,0,6,6,4,1,2,3,2,601,0.198571,1,0,2,0,3,0,0,0,0,0,5,1,0,0,683.051533,0.000000
1771730914431,00010,111,2,139,139,1,11,0,125,114,11,7,107,16,11,141718,9,2,7,8,3,96,0,0,4,8,10,3,100,0,6,7,4,3,0,4,3,487,0.198571,1,2,0,4,0,0,0,0,0,5,0,2,0,0,387.583092,0.000000
1771730914431,00013,111,2,139,139,1,11,0,125,114,11,7,107,16,11,141718,9,2,7,8,3,96,0,0,4,8,10,3,100,0,6,96,96,3,0,93,0,139175,16.977857,3,0,0,0,0,93,0,0,0,0,0,0,96,0,16524.959908,18230.000000
1771730914431,00020,111,2,139,139,1,11,0,125,114,11,7,107,16,11,141718,9,2,7,8,3,96,0,0,4,8,10,3,100,0,6,6,3,1,5,0,3,365,0.173750,1,0,5,0,0,0,0,0,4,0,2,0,0,0,181.333394,0.000000
1771730914531,00004,111,2,139,139,1,12,0,99,99,0,0,99,17,0,148500,0,0,0,0,0,99,0,0,0,0,0,0,99,0,7,0,0,0,0,0,0,0,0.000000,0,0,0,0,0,0,0,0,0,0,0,0,0,0,181.333394,0.000000
1771730914531,00006,111,2,139,139,1,12,0,99,99,0,0,99,17,0,148500,0,0,0,0,0,99,0,0,0,0,0,0,99,0,7,0,0,0,0,0,0,0,0.000000,0,0,0,0,0,0,0,0,0,0,0,0,0,0,715.119520,0.000000
1771730914531,00007,111,2,139,139,1,12,0,99,99,0,0,99,17,0,148500,0,0,0,0,0,99,0,0,0,0,0,0,99,0,7,0,0,0,0,0,0,0,0.000000,0,0,0,0,0,0,0,0,0,0,0,0,0,0,683.051533,0.000000
1771730914531,00010,111,2,139,139,1,12,0,99,99,0,0,99,17,0,148500,0,0,0,0,0,99,0,0,0,0,0,0,99,0,7,0,0,0,0,0,0,0,0.000000,0,0,0,0,0,0,0,0,0,0,0,0,0,0,387.583092,0.000000
1771730914531,00013,111,2,139,139,1,12,0,99,99,0,0,99,17,0,148500,0,0,0,0,0,99,0,0,0,0,0,0,99,0,7,99,99,0,0,99,0,148500,17.201250,0,0,0,0,0,99,0,0,0,0,0,0,99,0,16713.144258,20430.000000
1771730914531,00020,111,2,139,139,1,12,0,99,99,0,0,99,17,0,148500,0,0,0,0,0,99,0,0,0,0,0,0,99,0,7,0,0,0,0,0,0,0,0.000000,0,0,0,0,0,0,0,0,0,0,0,0,0,0,181.333394,0.000000
1771730914531,00003,111,2,139,139,1,12,0,99,99,0,0,99,17,0,148500,0,0,0,0,0,99,0,0,0,0,0,0,99,0,7,0,0,0,0,0,0,0,0.000000,0,0,0,0,0,0,0,0,0,0,0,0,0,0,373.334578,0.000000
1771730914631,00004,111,2,139,139,1,11,0,101,99,1,1,99,16,2,141468,1,0,0,1,3,96,0,0,0,0,4,1,96,0,7,5,3,1,1,3,2,476,0.148929,1,0,0,1,3,0,0,0,0,0,4,1,0,0,226.652427,0.000000
1771730914631,00006,111,2,139,139,1,11,0,101,99,1,1,99,16,2,141468,1,0,0,1,3,96,0,0,0,0,4,1,96,0,7,0,0,0,0,0,0,0,0.000000,0,0,0,0,0,0,0,0,0,0,0,0,0,0,715.119520,0.000000
1771730914631,00007,111,2,139,139,1,11,0,101,99,1,1,99,16,2,141468,1,0,0,1,3,96,0,0,0,0,4,1,96,0,7,0,0,0,0,0,0,0,0.000000,0,0,0,0,0,0,0,0,0,0,0,0,0,0,683.051533,0.000000
1771730914631,00010,111,2,139,139,1,11,0,101,99,1,1,99,16,2,141468,1,0,0,1,3,96,0,0,0,0,4,1,96,0,7,0,0,0,0,0,0,0,0.000000,0,0,0,0,0,0,0,0,0,0,0,0,0,0,387.583092,0.000000
1771730914631,00013,111,2,139,139,1,11,0,101,99,1,1,99,16,2,141468,1,0,0,1,3,96,0,0,0,0,4,1,96,0,7,96,96,0,0,96,0,140992,16.332500,0,0,0,0,0,96,0,0,0,0,0,0,96,0,17169.897249,20960.000000
1771730914631,00020,111,2,139,139,1,11,0,101,99,1,1,99,16,2,141468,1,0,0,1,3,96,0,0,0,0,4,1,96,0,7,0,0,0,0,0,0,0,0.000000,0,0,0,0,0,0,0,0,0,0,0,0,0,0,181.333394,0.000000
1771730914631,00003,111,2,139,139,1,11,0,101,99,1,1,99,16,2,141468,1,0,0,1,3,96,0,0,0,0,4,1,96,0,7,0,0,0,0,0,0,0,0.000000,0,0,0,0,0,0,0,0,0,0,0,0,0,0,373.334578,0.000000
1771730914731,00004,111,2,139,139,1,12,0,103,103,0,0,103,17,0,154500,0,0,0,0,0,103,0,0,0,0,0,0,103,0,6,0,0,0,0,0,0,0,0.000000,0,0,0,0,0,0,0,0,0,0,0,0,0,0,226.652427,0.000000
1771730914731,00006,111,2,139,139,1,12,0,103,103,0,0,103,17,0,154500,0,0,0,0,0,103,0,0,0,0,0,0,103,0,6,0,0,0,0,0,0,0,0.000000,0,0,0,0,0,0,0,0,0,0,0,0,0,0,715.119520,0.000000
1771730914731,00007,111,2,139,139,1,12,0,103,103,0,0,103,17,0,154500,0,0,0,0,0,103,0,0,0,0,0,0,103,0,6,0,0,0,0,0,0,0,0.000000,0,0,0,0,0,0,0,0,0,0,0,0,0,0,683.051533,0.000000
1771730914731,00010,111,2,139,139,1,12,0,103,103,0,0,103,17,0,154500,0,0,0,0,0,103,0,0,0,0,0,0,103,0,6,0,0,0,0,0,0,0,0.000000,0,0,0,0,0,0,0,0,0,0,0,0,0,0,387.583092,0.000000
1771730914731,00013,111,2,139,139,1,12,0,103,103,0,0,103,17,0,154500,0,0,0,0,0,103,0,0,0,0,0,0,103,0,6,103,103,0,0,103,0,154500,17.896250,0,0,0,0,0,103,0,0,0,0,0,0,103,0,17180.738699,19800.000000
1771730914731,00020,111,2,139,139,1,12,0,103,103,0,0,103,17,0,154500,0,0,0,0,0,103,0,0,0,0,0,0,103,0,6,0,0,0,0,0,0,0,0.000000,0,0,0,0,0,0,0,0,0,0,0,0,0,0,181.333394,0.000000
1771730914831,00004,111,2,139,139,1,11,0,97,97,0,0,97,16,0,145500,0,0,0,0,0,97,0,0,0,0,0,0,97,0,7,0,0,0,0,0,0,0,0.000000,0,0,0,0,0,0,0,0,0,0,0,0,0,0,226.652427,0.000000
1771730914831,00006,111,2,139,139,1,11,0,97,97,0,0,97,16,0,145500,0,0,0,0,0,97,0,0,0,0,0,0,97,0,7,0,0,0,0,0,0,0,0.000000,0,0,0,0,0,0,0,0,0,0,0,0,0,0,715.119520,0.000000
1771730914831,00007,111,2,139,139,1,11,0,97,97,0,0,97,16,0,145500,0,0,0,0,0,97,0,0,0,0,0,0,97,0,7,0,0,0,0,0,0,0,0.000000,0,0,0,0,0,0,0,0,0,0,0,0,0,0,683.051533,0.000000
1771730914831,00010,111,2,139,139,1,11,0,97,97,0,0,97,16,0,145500,0,0,0,0,0,97,0,0,0,0,0,0,97,0,7,0,0,0,0,0,0,0,0.000000,0,0,0,0,0,0,0,0,0,0,0,0,0,0,387.583092,0.000000
1771730914831,00013,111,2,139,139,1,11,0,97,97,0,0,97,16,0,145500,0,0,0,0,0,97,0,0,0,0,0,0,97,0,7,97,97,0,0,97,0,145500,16.853750,0,0,0,0,0,97,0,0,0,0,0,0,97,0,17257.821684,18440.000000
1771730914831,00020,111,2,139,139,1,11,0,97,97,0,0,97,16,0,145500,0,0,0,0,0,97,0,0,0,0,0,0,97,0,7,0,0,0,0,0,0,0,0.000000,0,0,0,0,0,0,0,0,0,0,0,0,0,0,181.333394,0.000000
1771730914831,00011,111,2,139,139,1,11,0,97,97,0,0,97,16,0,145500,0,0,0,0,0,97,0,0,0,0,0,0,97,0,7,0,0,0,0,0,0,0,0.000000,0,0,0,0,0,0,0,0,0,0,0,0,0,0,181.333394,0.000000
1771730914931,00004,111,2,139,139,1,12,0,102,102,0,0,102,17,0,153000,0,0,0,0,0,102,0,0,0,0,0,0,102,0,7,0,0,0,0,0,0,0,0.000000,0,0,0,0,0,0,0,0,0,0,0,0,0,0,226.652427,0.000000
1771730914931,00006,111,2,139,139,1,12,0,102,102,0,0,102,17,0,153000,0,0,0,0,0,102,0,0,0,0,0,0,102,0,7,0,0,0,0,0,0,0,0.000000,0,0,0,0,0,0,0,0,0,0,0,0,0,0,715.119520,0.000000
1771730914931,00007,111,2,139,139,1,12,0,102,102,0,0,102,17,0,153000,0,0,0,0,0,102,0,0,0,0,0,0,102,0,7,0,0,0,0,0,0,0,0.000000,0,0,0,0,0,0,0,0,0,0,0,0,0,0,683.051533,0.000000
1771730914931,00010,111,2,139,139,1,12,0,102,102,0,0,102,17,0,153000,0,0,0,0,0,102,0,0,0,0,0,0,102,0,7,0,0,0,0,0,0,0,0.000000,0,0,0,0,0,0,0,0,0,0,0,0,0,0,387.583092,0.000000
1771730914931,00013,111,2,139,139,1,12,0,102,102,0,0,102,17,0,153000,0,0,0,0,0,102,0,0,0,0,0,0,102,0,7,102,102,0,0,102,0,153000,17.722500,0,0,0,0,0,102,0,0,0,0,0,0,102,0,17328.069918,19700.000000
1771730914931,00020,111,2,139,139,1,12,0,102,102,0,0,102,17,0,153000,0,0,0,0,0,102,0,0,0,0,0,0,102,0,7,0,0,0,0,0,0,0,0.000000,0,0,0,0,0,0,0,0,0,0,0,0,0,0,181.333394,0.000000
1771730914931,00011,111,2,139,139,1,12,0,102,102,0,0,102,17,0,153000,0,0,0,0,0,102,0,0,0,0,0,0,102,0,7,0,0,0,0,0,0,0,0.000000,0,0,0,0,0,0,0,0,0,0,0,0,0,0,181.333394,0.000000
1771730915031,00004,111,2,139,139,1,12,0,121,119,3,4,114,18,2,164063,3,0,4,1,0,113,0,0,0,3,5,0,113,0,6,5,3,2,3,0,2,314,0.223393,2,0,3,0,0,0,0,0,0,3,2,0,0,0,268.456592,0.000000
1771730915031,00006,111,2,139,139,1,12,0,121,119,3,4,114,18,2,164063,3,0,4,1,0,113,0,0,0,3,5,0,113,0,6,0,0,0,0,0,0,0,0.000000,0,0,0,0,0,0,0,0,0,0,0,0,0,0,715.119520,0.000000
1771730915031,00007,111,2,139,139,1,12,0,121,119,3,4,114,18,2,164063,3,0,4,1,0,113,0,0,0,3,5,0,113,0,6,3,3,1,1,1,0,262,0.124107,1,0,1,1,0,0,0,0,0,0,3,0,0,0,717.243358,0.000000
1771730915031,00010,111,2,139,139,1,12,0,121,119,3,4,114,18,2,164063,3,0,4,1,0,113,0,0,0,3,5,0,113,0,6,0,0,0,0,0,0,0,0.000000,0,0,0,0,0,0,0,0,0,0,0,0,0,0,387.583092,0.000000
1771730915031,00013,111,2,139,139,1,12,0,121,119,3,4,114,18,2,164063,3,0,4,1,0,113,0,0,0,3,5,0,113,0,6,113,113,0,0,113,0,163487,18.938750,0,0,0,0,0,113,0,0,0,0,0,0,113,0,17303.992886,20430.000000
1771730915031,00020,111,2,139,139,1,12,0,121,119,3,4,114,18,2,164063,3,0,4,1,0,113,0,0,0,3,5,0,113,0,6,0,0,0,0,0,0,0,0.000000,0,0,0,0,0,0,0,0,0,0,0,0,0,0,181.333394,0.000000
1771730915131,00004,111,2,139,139,1,12,0,125,115,4,12,109,18,10,157676,2,2,6,6,3,106,0,0,0,10,7,2,106,0,6,0,0,0,0,0,0,0,0.000000,0,0,0,0,0,0,0,0,0,0,0,0,0,0,268.456592,0.000000
1771730915131,00006,111,2,139,139,1,12,0,125,115,4,12,109,18,10,157676,2,2,6,6,3,106,0,0,0,10,7,2,106,0,6,0,0,0,0,0,0,0,0.000000,0,0,0,0,0,0,0,0,0,0,0,0,0,0,715.119520,0.000000
1771730915131,00007,111,2,139,139,1,12,0,125,115,4,12,109,18,10,157676,2,2,6,6,3,106,0,0,0,10,7,2,106,0,6,19,9,4,12,3,10,1684,0.645357,2,2,6,6,3,0,0,0,0,10,7,2,0,0,282.146605,40.000000
1771730915131,00010,111,2,139,139,1,12,0,125,115,4,12,109,18,10,157676,2,2,6,6,3,106,0,0,0,10,7,2,106,0,6,0,0,0,0,0,0,0,0.000000,0,0,0,0,0,0,0,0,0,0,0,0,0,0,387.583092,0.000000
1771730915131,00013,111,2,139,139,1,12,0,125,115,4,12,109,18,10,157676,2,2,6,6,3,106,0,0,0,10,7,2,106,0,6,106,106,0,0,106,0,155992,18.070000,0,0,0,0,0,106,0,0,0,0,0,0,106,0,17294.139618,19170.000000
1771730915131,00020,111,2,139,139,1,12,0,125,115,4,12,109,18,10,157676,2,2,6,6,3,106,0,0,0,10,7,2,106,0,6,0,0,0,0,0,0,0,0.000000,0,0,0,0,0,0,0,0,0,0,0,0,0,0,181.333394,0.000000
1771730915231,00004,111,2,139,139,1,13,0,315,267,83,54,178,19,48,240865,5,78,45,14,36,137,0,0,0,11,138,29,137,1038876,7,0,0,0,0,0,0,0,0.000000,0,0,0,0,0,0,0,0,0,0,0,0,0,0,235.789632,0.000000
1771730915231,00006,111,2,139,139,1,13,0,315,267,83,54,178,19,48,240865,5,78,45,14,36,137,0,0,0,11,138,29,137,1038876,7,0,0,0,0,0,0,0,0.000000,0,0,0,0,0,0,0,0,0,0,0,0,0,0,715.119520,0.000000
1771730915231,00007,111,2,139,139,1,13,0,315,267,83,54,178,19,48,240865,5,78,45,14,36,137,0,0,0,11,138,29,137,1038876,7,14,8,1,2,11,6,1722,0.421964,0,1,1,3,9,0,0,0,0,0,9,5,0,0,265.338904,30.000000
1771730915231,00010,111,2,139,139,1,13,0,315,267,83,54,178,19,48,240865,5,78,45,14,36,137,0,0,0,11,138,29,137,1038876,7,0,0,0,0,0,0,0,0.000000,0,0,0,0,0,0,0,0,0,0,0,0,0,0,387.583092,0.000000
1771730915231,00013,111,2,139,139,1,13,0,315,267,83,54,178,19,48,240865,5,78,45,14,36,137,0,0,0,11,138,29,137,1038876,7,137,137,0,0,137,0,146210,16.953036,0,0,0,0,0,137,0,0,0,0,0,0,137,0,16803.836541,18540.000000
1771730915231,00020,111,2,139,139,1,13,0,315,267,83,54,178,19,48,240865,5,78,45,14,36,137,0,0,0,11,138,29,137,1038876,7,0,0,0,0,0,0,0,0.000000,0,0,0,0,0,0,0,0,0,0,0,0,0,0,181.333394,0.000000
1771730915231,00001,111,2,139,139,1,13,0,315,267,83,54,178,19,48,240865,5,78,45,14,36,137,0,0,0,11,138,29,137,1038876,7,164,122,82,52,30,42,92933,3.683220,5,77,44,11,27,0,0,0,0,11,129,24,0,1038876,12847.092873,9950.000000
1771730915331,00004,111,2,139,139,1,79,0,612,495,303,35,274,110,117,363126,61,242,21,22,86,180,0,0,5,268,108,51,180,1039283,7,0,0,0,0,0,0,0,0.000000,0,0,0,0,0,0,0,0,0,0,0,0,0,0,235.789632,0.000000
1771730915331,00006,111,2,139,139,1,79,0,612,495,303,35,274,110,117,363126,61,242,21,22,86,180,0,0,5,268,108,51,180,1039283,7,0,0,0,0,0,0,0,0.000000,0,0,0,0,0,0,0,0,0,0,0,0,0,0,715.119520,0.000000
1771730915331,00007,111,2,139,139,1,79,0,612,495,303,35,274,110,117,363126,61,242,21,22,86,180,0,0,5,268,108,51,180,1039283,7,11,8,0,4,7,3,1164,0.297857,0,0,1,10,0,0,0,0,0,3,8,0,0,0,268.544447,50.000000
1771730915331,00010,111,2,139,139,1,79,0,612,495,303,35,274,110,117,363126,61,242,21,22,86,180,0,0,5,268,108,51,180,1039283,7,0,0,0,0,0,0,0,0.000000,0,0,0,0,0,0,0,0,0,0,0,0,0,0,387.583092,0.000000
1771730915331,00013,111,2,139,139,1,79,0,612,495,303,35,274,110,117,363126,61,242,21,22,86,180,0,0,5,268,108,51,180,1039283,7,180,180,0,0,180,0,133591,15.513393,0,0,0,0,0,180,0,0,0,0,0,0,180,32,15909.964256,17710.000000
1771730915331,00020,111,2,139,139,1,79,0,612,495,303,35,274,110,117,363126,61,242,21,22,86,180,0,0,5,268,108,51,180,1039283,7,0,0,0,0,0,0,0,0.000000,0,0,0,0,0,0,0,0,0,0,0,0,0,0,181.333394,0.000000
1771730915331,00001,111,2,139,139,1,79,0,612,495,303,35,274,110,117,363126,61,242,21,22,86,180,0,0,5,268,108,51,180,1039283,7,421,307,303,31,87,114,228371,95.140536,61,242,20,12,86,0,0,0,5,265,100,51,0,1039251,11506.095516,10890.000000
1771730915431,00004,111,2,139,139,1,71,0,667,535,281,58,328,100,132,366813,28,253,43,50,94,199,0,0,7,218,158,84,200,1032859,7,0,0,0,0,0,0,0,0.000000,0,0,0,0,0,0,0,0,0,0,0,0,0,0,235.789632,0.000000
1771730915431,00006,111,2,139,139,1,71,0,667,535,281,58,328,100,132,366813,28,253,43,50,94,199,0,0,7,218,158,84,200,1032859,7,2,2,1,0,1,0,226,0.074464,1,0,0,0,0,1,0,0,0,0,0,0,2,0,757.185374,0.000000
1771730915431,00007,111,2,139,139,1,71,0,667,535,281,58,328,100,132,366813,28,253,43,50,94,199,0,0,7,218,158,84,200,1032859,7,21,13,15,6,0,8,1298,0.968036,5,10,6,0,0,0,0,0,6,15,0,0,0,0,282.471739,50.000000
1771730915431,00010,111,2,139,139,1,71,0,667,535,281,58,328,100,132,366813,28,253,43,50,94,199,0,0,7,218,158,84,200,1032859,7,0,0,0,0,0,0,0,0.000000,0,0,0,0,0,0,0,0,0,0,0,0,0,0,387.583092,0.000000
1771730915431,00013,111,2,139,139,1,71,0,667,535,281,58,328,100,132,366813,28,253,43,50,94,199,0,0,7,218,158,84,200,1032859,7,198,198,0,0,198,0,141057,16.382143,0,0,0,0,0,198,0,0,0,0,0,0,198,32,15161.643889,18440.000000
1771730915431,00020,111,2,139,139,1,71,0,667,535,281,58,328,100,132,366813,28,253,43,50,94,199,0,0,7,218,158,84,200,1032859,7,0,0,0,0,0,0,0,0.000000,0,0,0,0,0,0,0,0,0,0,0,0,0,0,181.333394,0.000000
1771730915431,00001,111,2,139,139,1,71,0,667,535,281,58,328,100,132,366813,28,253,43,50,94,199,0,0,7,218,158,84,200,1032859,7,446,322,265,52,129,124,224232,84.070179,22,243,37,50,94,0,0,0,1,203,158,84,0,1032827,10524.302785,10790.000000
1771730915531,00004,111,2,139,139,1,73,0,675,536,258,43,374,102,139,383220,19,239,30,118,48,221,0,0,20,310,68,53,224,1154823,7,0,0,0,0,0,0,0,0.000000,0,0,0,0,0,0,0,0,0,0,0,0,0,0,235.789632,0.000000
1771730915531,00006,111,2,139,139,1,73,0,675,536,258,43,374,102,139,383220,19,239,30,118,48,221,0,0,20,310,68,53,224,1154823,7,19,13,0,1,18,6,3641,0.471607,0,0,0,1,4,14,0,0,0,0,2,0,17,0,284.025346,90.000000
1771730915531,00007,111,2,139,139,1,73,0,675,536,258,43,374,102,139,383220,19,239,30,118,48,221,0,0,20,310,68,53,224,1154823,7,13,11,13,0,0,2,771,0.645357,4,9,0,0,0,0,0,0,1,12,0,0,0,0,291.171526,40.000000
1771730915531,00010,111,2,139,139,1,73,0,675,536,258,43,374,102,139,383220,19,239,30,118,48,221,0,0,20,310,68,53,224,1154823,7,0,0,0,0,0,0,0,0.000000,0,0,0,0,0,0,0,0,0,0,0,0,0,0,387.583092,0.000000
1771730915531,00013,111,2,139,139,1,73,0,675,536,258,43,374,102,139,383220,19,239,30,118,48,221,0,0,20,310,68,53,224,1154823,7,207,207,0,0,207,0,149835,17.399821,0,0,0,0,0,207,0,0,0,0,0,0,207,461,14518.591534,17810.000000
1771730915531,00020,111,2,139,139,1,73,0,675,536,258,43,374,102,139,383220,19,239,30,118,48,221,0,0,20,310,68,53,224,1154823,7,0,0,0,0,0,0,0,0.000000,0,0,0,0,0,0,0,0,0,0,0,0,0,0,181.333394,0.000000
1771730915531,00001,111,2,139,139,1,73,0,675,536,258,43,374,102,139,383220,19,239,30,118,48,221,0,0,20,310,68,53,224,1154823,7,436,305,245,42,149,131,228973,85.658750,15,230,30,117,44,0,0,0,19,298,66,53,0,1154362,10963.251526,8380.000000
1771730915631,00004,111,2,139,139,1,74,0,693,564,209,85,399,104,129,445588,29,180,77,21,146,240,0,0,16,279,77,74,247,1305044,8,0,0,0,0,0,0,0,0.000000,0,0,0,0,0,0,0,0,0,0,0,0,0,0,235.789632,0.000000
1771730915631,00006,111,2,139,139,1,74,0,693,564,209,85,399,104,129,445588,29,180,77,21,146,240,0,0,16,279,77,74,247,1305044,8,24,16,0,0,24,8,4464,0.595714,0,0,0,0,7,17,0,0,0,0,0,0,24,0,294.841152,90.000000
1771730915631,00007,111,2,139,139,1,74,0,693,564,209,85,399,104,129,445588,29,180,77,21,146,240,0,0,16,279,77,74,247,1305044,8,15,11,8,7,0,4,1265,0.670179,3,5,7,0,0,0,0,0,0,14,1,0,0,0,299.340108,40.000000
1771730915631,00010,111,2,139,139,1,74,0,693,564,209,85,399,104,129,445588,29,180,77,21,146,240,0,0,16,279,77,74,247,1305044,8,0,0,0,0,0,0,0,0.000000,0,0,0,0,0,0,0,0,0,0,0,0,0,0,387.583092,0.000000
1771730915631,00013,111,2,139,139,1,74,0,693,564,209,85,399,104,129,445588,29,180,77,21,146,240,0,0,16,279,77,74,247,1305044,8,223,223,0,0,223,0,163729,19.013214,0,0,0,0,0,223,0,0,0,0,0,0,223,32,14000.031730,20120.000000
1771730915631,00020,111,2,139,139,1,74,0,693,564,209,85,399,104,129,445588,29,180,77,21,146,240,0,0,16,279,77,74,247,1305044,8,0,0,0,0,0,0,0,0.000000,0,0,0,0,0,0,0,0,0,0,0,0,0,0,181.333394,0.000000
1771730915631,00001,111,2,139,139,1,74,0,693,564,209,85,399,104,129,445588,29,180,77,21,146,240,0,0,16,279,77,74,247,1305044,8,431,314,201,78,152,117,276130,85.385714,26,175,70,21,139,0,0,0,16,265,76,74,0,1305012,11611.239342,12360.000000
1771730915631,00002,111,2,139,139,1,74,0,693,564,209,85,399,104,129,445588,29,180,77,21,146,240,0,0,16,279,77,74,247,1305044,8,0,0,0,0,0,0,0,0.000000,0,0,0,0,0,0,0,0,0,0,0,0,0,0,286.609917,0.000000
1771730915731,00004,111,2,139,139,1,70,0,672,569,70,36,566,98,103,515827,53,17,22,120,238,222,0,1,9,66,70,302,224,1352478,8,0,0,0,0,0,0,0,0.000000,0,0,0,0,0,0,0,0,0,0,0,0,0,0,235.789632,0.000000
1771730915731,00006,111,2,139,139,1,70,0,672,569,70,36,566,98,103,515827,53,17,22,120,238,222,0,1,9,66,70,302,224,1352478,8,21,13,0,0,21,8,4354,0.521250,0,0,0,0,1,20,0,0,0,0,0,0,21,0,269.259221,90.000000
1771730915731,00007,111,2,139,139,1,70,0,672,569,70,36,566,98,103,515827,53,17,22,120,238,222,0,1,9,66,70,302,224,1352478,8,20,10,3,17,0,10,2261,0.868750,1,2,11,6,0,0,0,0,1,11,8,0,0,0,294.633958,50.000000
1771730915731,00010,111,2,139,139,1,70,0,672,569,70,36,566,98,103,515827,53,17,22,120,238,222,0,1,9,66,70,302,224,1352478,8,8,6,1,2,5,2,928,0.223393,1,0,0,2,5,0,0,0,0,0,2,5,1,0,365.185226,20.000000
1771730915731,00013,111,2,139,139,1,70,0,672,569,70,36,566,98,103,515827,53,17,22,120,238,222,0,1,9,66,70,302,224,1352478,8,202,202,0,0,202,0,144908,16.828929,0,0,0,0,0,202,0,0,0,0,0,0,202,0,13632.562893,17920.000000
1771730915731,00020,111,2,139,139,1,70,0,672,569,70,36,566,98,103,515827,53,17,22,120,238,222,0,1,9,66,70,302,224,1352478,8,0,0,0,0,0,0,0,0.000000,0,0,0,0,0,0,0,0,0,0,0,0,0,0,181.333394,0.000000
1771730915731,00001,111,2,139,139,1,70,0,672,569,70,36,566,98,103,515827,53,17,22,120,238,222,0,1,9,66,70,302,224,1352478,8,421,338,66,17,338,83,363376,82.903571,51,15,11,112,232,0,0,1,8,55,60,297,0,1352478,12175.278455,23990.000000
1771730915731,00002,111,2,139,139,1,70,0,672,569,70,36,566,98,103,515827,53,17,22,120,238,222,0,1,9,66,70,302,224,1352478,8,0,0,0,0,0,0,0,0.000000,0,0,0,0,0,0,0,0,0,0,0,0,0,0,286.609917,0.000000
1771730915831,00004,111,2,139,139,1,60,0,514,447,90,8,416,84,67,453806,19,71,1,45,203,175,0,0,5,94,35,203,177,1256962,9,0,0,0,0,0,0,0,0.000000,0,0,0,0,0,0,0,0,0,0,0,0,0,0,235.789632,0.000000
1771730915831,00006,111,2,139,139,1,60,0,514,447,90,8,416,84,67,453806,19,71,1,45,203,175,0,0,5,94,35,203,177,1256962,9,0,0,0,0,0,0,0,0.000000,0,0,0,0,0,0,0,0,0,0,0,0,0,0,267.335361,10.000000
1771730915831,00007,111,2,139,139,1,60,0,514,447,90,8,416,84,67,453806,19,71,1,45,203,175,0,0,5,94,35,203,177,1256962,9,9,7,1,0,8,2,1750,0.273036,0,1,0,0,0,8,0,0,0,0,0,2,7,0,301.473799,40.000000
1771730915831,00010,111,2,139,139,1,60,0,514,447,90,8,416,84,67,453806,19,71,1,45,203,175,0,0,5,94,35,203,177,1256962,9,26,16,0,1,25,10,4076,0.670179,0,0,1,2,20,3,0,0,0,0,5,15,6,0,377.347267,90.000000
1771730915831,00013,111,2,139,139,1,60,0,514,447,90,8,416,84,67,453806,19,71,1,45,203,175,0,0,5,94,35,203,177,1256962,9,164,164,0,0,164,0,142673,16.555893,0,0,0,0,0,164,0,0,0,0,0,0,164,32,13515.731653,19070.000000
1771730915831,00020,111,2,139,139,1,60,0,514,447,90,8,416,84,67,453806,19,71,1,45,203,175,0,0,5,94,35,203,177,1256962,9,0,0,0,0,0,0,0,0.000000,0,0,0,0,0,0,0,0,0,0,0,0,0,0,181.333394,0.000000
1771730915831,00001,111,2,139,139,1,60,0,514,447,90,8,416,84,67,453806,19,71,1,45,203,175,0,0,5,94,35,203,177,1256962,9,315,260,89,7,219,55,305307,68.680893,19,70,0,43,183,0,0,0,5,94,30,186,0,1256930,12023.423435,18750.000000
1771730915831,00002,111,2,139,139,1,60,0,514,447,90,8,416,84,67,453806,19,71,1,45,203,175,0,0,5,94,35,203,177,1256962,9,0,0,0,0,0,0,0,0.000000,0,0,0,0,0,0,0,0,0,0,0,0,0,0,286.609917,0.000000
1771730915831,00021,111,2,139,139,1,60,0,514,447,90,8,416,84,67,453806,19,71,1,45,203,175,0,0,5,94,35,203,177,1256962,9,0,0,0,0,0,0,0,0.000000,0,0,0,0,0,0,0,0,0,0,0,0,0,0,7791.217213,10060.000000
1771730915931,00004,111,2,139,139,1,76,0,923,771,186,224,513,106,152,460279,128,58,127,239,145,226,0,2,218,43,260,174,226,2205710,9,0,0,0,0,0,0,0,0.000000,0,0,0,0,0,0,0,0,0,0,0,0,0,0,235.789632,0.000000
1771730915931,00006,111,2,139,139,1,76,0,923,771,186,224,513,106,152,460279,128,58,127,239,145,226,0,2,218,43,260,174,226,2205710,9,0,0,0,0,0,0,0,0.000000,0,0,0,0,0,0,0,0,0,0,0,0,0,0,267.335361,0.000000
1771730915931,00007,111,2,139,139,1,76,0,923,771,186,224,513,106,152,460279,128,58,127,239,145,226,0,2,218,43,260,174,226,2205710,9,0,0,0,0,0,0,0,0.000000,0,0,0,0,0,0,0,0,0,0,0,0,0,0,304.440960,0.000000
1771730915931,00010,111,2,139,139,1,76,0,923,771,186,224,513,106,152,460279,128,58,127,239,145,226,0,2,218,43,260,174,226,2205710,9,20,14,0,3,17,6,2979,0.496429,0,0,1,3,13,3,0,0,0,0,0,17,3,0,289.922434,90.000000
1771730915931,00013,111,2,139,139,1,76,0,923,771,186,224,513,106,152,460279,128,58,127,239,145,226,0,2,218,43,260,174,226,2205710,9,223,223,0,0,223,0,149150,17.325357,0,0,0,0,0,223,0,0,0,0,0,0,223,0,13146.028528,17600.000000
1771730915931,00020,111,2,139,139,1,76,0,923,771,186,224,513,106,152,460279,128,58,127,239,145,226,0,2,218,43,260,174,226,2205710,9,0,0,0,0,0,0,0,0.000000,0,0,0,0,0,0,0,0,0,0,0,0,0,0,181.333394,0.000000
1771730915931,00001,111,2,139,139,1,76,0,923,771,186,224,513,106,152,460279,128,58,127,239,145,226,0,2,218,43,260,174,226,2205710,9,402,364,0,129,273,38,264048,60.564286,0,0,34,236,132,0,0,0,9,0,236,157,0,1170366,11489.363835,13510.000000
1771730915931,00002,111,2,139,139,1,76,0,923,771,186,224,513,106,152,460279,128,58,127,239,145,226,0,2,218,43,260,174,226,2205710,9,0,0,0,0,0,0,0,0.000000,0,0,0,0,0,0,0,0,0,0,0,0,0,0,286.609917,0.000000
1771730915931,00021,111,2,139,139,1,76,0,923,771,186,224,513,106,152,460279,128,58,127,239,145,226,0,2,218,43,260,174,226,2205710,9,278,170,186,92,0,108,44102,29.115536,128,58,92,0,0,0,0,2,209,43,24,0,0,1035344,7614.860723,8270.000000
1771730916031,00004,111,2,139,139,1,61,0,639,598,3,139,497,85,41,424509,3,0,15,375,35,211,0,0,0,9,395,24,211,1163948,7,0,0,0,0,0,0,0,0.000000,0,0,0,0,0,0,0,0,0,0,0,0,0,0,235.789632,0.000000
1771730916031,00006,111,2,139,139,1,61,0,639,598,3,139,497,85,41,424509,3,0,15,375,35,211,0,0,0,9,395,24,211,1163948,7,0,0,0,0,0,0,0,0.000000,0,0,0,0,0,0,0,0,0,0,0,0,0,0,267.335361,0.000000
1771730916031,00007,111,2,139,139,1,61,0,639,598,3,139,497,85,41,424509,3,0,15,375,35,211,0,0,0,9,395,24,211,1163948,7,0,0,0,0,0,0,0,0.000000,0,0,0,0,0,0,0,0,0,0,0,0,0,0,304.440960,0.000000
1771730916031,00010,111,2,139,139,1,61,0,639,598,3,139,497,85,41,424509,3,0,15,375,35,211,0,0,0,9,395,24,211,1163948,7,27,15,0,1,26,12,3919,0.670179,0,0,0,5,22,0,0,0,0,0,6,21,0,0,303.539219,90.000000
1771730916031,00013,111,2,139,139,1,61,0,639,598,3,139,497,85,41,424509,3,0,15,375,35,211,0,0,0,9,395,24,211,1163948,7,211,211,0,0,211,0,147681,17.151607,0,0,0,0,0,211,0,0,0,0,0,0,211,0,12907.417893,19910.000000
1771730916031,00001,111,2,139,139,1,61,0,639,598,3,139,497,85,41,424509,3,0,15,375,35,211,0,0,0,9,395,24,211,1163948,7,401,372,3,138,260,29,272909,68.258929,3,0,15,370,13,0,0,0,0,9,389,3,0,1163948,11548.839044,44850.000000
1771730916031,00002,111,2,139,139,1,61,0,639,598,3,139,497,85,41,424509,3,0,15,375,35,211,0,0,0,9,395,24,211,1163948,7,0,0,0,0,0,0,0,0.000000,0,0,0,0,0,0,0,0,0,0,0,0,0,0,286.609917,0.000000
1771730916131,00004,111,2,139,139,1,82,0,610,576,15,74,521,114,34,572472,15,0,0,257,144,194,0,0,8,17,178,213,194,911805,7,0,0,0,0,0,0,0,0.000000,0,0,0,0,0,0,0,0,0,0,0,0,0,0,235.789632,0.000000
1771730916131,00006,111,2,139,139,1,82,0,610,576,15,74,521,114,34,572472,15,0,0,257,144,194,0,0,8,17,178,213,194,911805,7,0,0,0,0,0,0,0,0.000000,0,0,0,0,0,0,0,0,0,0,0,0,0,0,267.335361,0.000000
1771730916131,00007,111,2,139,139,1,82,0,610,576,15,74,521,114,34,572472,15,0,0,257,144,194,0,0,8,17,178,213,194,911805,7,0,0,0,0,0,0,0,0.000000,0,0,0,0,0,0,0,0,0,0,0,0,0,0,304.440960,0.000000
1771730916131,00010,111,2,139,139,1,82,0,610,576,15,74,521,114,34,572472,15,0,0,257,144,194,0,0,8,17,178,213,194,911805,7,11,8,0,1,10,3,1536,0.273036,0,0,0,1,10,0,0,0,0,0,4,7,0,0,294.194724,50.000000
1771730916131,00013,111,2,139,139,1,82,0,610,576,15,74,521,114,34,572472,15,0,0,257,144,194,0,0,8,17,178,213,194,911805,7,194,194,0,0,194,0,147061,17.077143,0,0,0,0,0,194,0,0,0,0,0,0,194,0,12742.936046,18650.000000
1771730916131,00001,111,2,139,139,1,82,0,610,576,15,74,521,114,34,572472,15,0,0,257,144,194,0,0,8,17,178,213,194,911805,7,405,374,15,73,317,31,423875,97.548214,15,0,0,256,134,0,0,0,8,17,174,206,0,911805,11492.466327,37200.000000
1771730916131,00002,111,2,139,139,1,82,0,610,576,15,74,521,114,34,572472,15,0,0,257,144,194,0,0,8,17,178,213,194,911805,7,0,0,0,0,0,0,0,0.000000,0,0,0,0,0,0,0,0,0,0,0,0,0,0,286.609917,0.000000
1771730916231,00004,111,2,139,139,1,84,0,626,595,9,5,612,117,31,616818,9,0,0,218,179,220,0,0,0,14,355,37,220,636175,7,0,0,0,0,0,0,0,0.000000,0,0,0,0,0,0,0,0,0,0,0,0,0,0,235.789632,0.000000
1771730916231,00006,111,2,139,139,1,84,0,626,595,9,5,612,117,31,616818,9,0,0,218,179,220,0,0,0,14,355,37,220,636175,7,0,0,0,0,0,0,0,0.000000,0,0,0,0,0,0,0,0,0,0,0,0,0,0,267.335361,0.000000
1771730916231,00007,111,2,139,139,1,84,0,626,595,9,5,612,117,31,616818,9,0,0,218,179,220,0,0,0,14,355,37,220,636175,7,0,0,0,0,0,0,0,0.000000,0,0,0,0,0,0,0,0,0,0,0,0,0,0,304.440960,0.000000
1771730916231,00010,111,2,139,139,1,84,0,626,595,9,5,612,117,31,616818,9,0,0,218,179,220,0,0,0,14,355,37,220,636175,7,0,0,0,0,0,0,0,0.000000,0,0,0,0,0,0,0,0,0,0,0,0,0,0,294.194724,0.000000
1771730916231,00013,111,2,139,139,1,84,0,626,595,9,5,612,117,31,616818,9,0,0,218,179,220,0,0,0,14,355,37,220,636175,7,220,220,0,0,220,0,168866,19.608929,0,0,0,0,0,220,0,0,0,0,0,0,220,0,12594.576690,21580.000000
1771730916231,00001,111,2,139,139,1,84,0,626,595,9,5,612,117,31,616818,9,0,0,218,179,220,0,0,0,14,355,37,220,636175,7,406,375,9,5,392,31,447952,98.193571,9,0,0,218,179,0,0,0,0,14,355,37,0,636175,11497.185382,34580.000000
1771730916231,00002,111,2,139,139,1,84,0,626,595,9,5,612,117,31,616818,9,0,0,218,179,220,0,0,0,14,355,37,220,636175,7,0,0,0,0,0,0,0,0.000000,0,0,0,0,0,0,0,0,0,0,0,0,0,0,286.609917,0.000000
1771730916331,00004,111,2,139,139,1,80,0,627,568,32,5,590,112,59,693264,4,28,1,12,382,200,0,0,0,11,38,378,200,324138,7,0,0,0,0,0,0,0,0.000000,0,0,0,0,0,0,0,0,0,0,0,0,0,0,235.789632,0.000000
1771730916331,00006,111,2,139,139,1,80,0,627,568,32,5,590,112,59,693264,4,28,1,12,382,200,0,0,0,11,38,378,200,324138,7,0,0,0,0,0,0,0,0.000000,0,0,0,0,0,0,0,0,0,0,0,0,0,0,267.335361,0.000000
1771730916331,00007,111,2,139,139,1,80,0,627,568,32,5,590,112,59,693264,4,28,1,12,382,200,0,0,0,11,38,378,200,324138,7,0,0,0,0,0,0,0,0.000000,0,0,0,0,0,0,0,0,0,0,0,0,0,0,304.440960,0.000000
1771730916331,00010,111,2,139,139,1,80,0,627,568,32,5,590,112,59,693264,4,28,1,12,382,200,0,0,0,11,38,378,200,324138,7,15,8,7,4,4,7,1028,0.620536,4,3,0,8,0,0,0,0,0,10,3,2,0,0,294.315578,20.000000
1771730916331,00013,111,2,139,139,1,80,0,627,568,32,5,590,112,59,693264,4,28,1,12,382,200,0,0,0,11,38,378,200,324138,7,200,200,0,0,200,0,154766,17.970714,0,0,0,0,0,200,0,0,0,0,0,0,200,0,12497.130462,21480.000000
1771730916331,00001,111,2,139,139,1,80,0,627,568,32,5,590,112,59,693264,4,28,1,12,382,200,0,0,0,11,38,378,200,324138,7,412,360,25,1,386,52,537470,95.612143,0,25,1,4,382,0,0,0,0,1,35,376,0,324138,11688.974088,38980.000000
1771730916331,00002,111,2,139,139,1,80,0,627,568,32,5,590,112,59,693264,4,28,1,12,382,200,0,0,0,11,38,378,200,324138,7,0,0,0,0,0,0,0,0.000000,0,0,0,0,0,0,0,0,0,0,0,0,0,0,286.609917,0.000000
1771730916431,00004,111,2,139,139,1,69,0,556,513,23,0,533,96,43,647414,6,17,0,3,363,167,0,0,0,27,5,241,283,0,7,0,0,0,0,0,0,0,0.000000,0,0,0,0,0,0,0,0,0,0,0,0,0,0,235.789632,0.000000
1771730916431,00006,111,2,139,139,1,69,0,556,513,23,0,533,96,43,647414,6,17,0,3,363,167,0,0,0,27,5,241,283,0,7,0,0,0,0,0,0,0,0.000000,0,0,0,0,0,0,0,0,0,0,0,0,0,0,267.335361,0.000000
1771730916431,00007,111,2,139,139,1,69,0,556,513,23,0,533,96,43,647414,6,17,0,3,363,167,0,0,0,27,5,241,283,0,7,0,0,0,0,0,0,0,0.000000,0,0,0,0,0,0,0,0,0,0,0,0,0,0,304.440960,0.000000
1771730916431,00010,111,2,139,139,1,69,0,556,513,23,0,533,96,43,647414,6,17,0,3,363,167,0,0,0,27,5,241,283,0,7,27,17,8,0,19,10,3070,1.141786,6,2,0,3,16,0,0,0,0,16,0,11,0,0,287.770349,90.000000
1771730916431,00013,111,2,139,139,1,69,0,556,513,23,0,533,96,43,647414,6,17,0,3,363,167,0,0,0,27,5,241,283,0,7,167,167,0,0,167,0,131057,15.215536,0,0,0,0,0,167,0,0,0,0,0,0,167,0,12428.899155,18440.000000
1771730916431,00001,111,2,139,139,1,69,0,556,513,23,0,533,96,43,647414,6,17,0,3,363,167,0,0,0,27,5,241,283,0,7,362,329,15,0,347,33,513287,80.520714,0,15,0,0,347,0,0,0,0,11,5,230,116,0,11938.089001,62350.000000
1771730916431,00002,111,2,139,139,1,69,0,556,513,23,0,533,96,43,647414,6,17,0,3,363,167,0,0,0,27,5,241,283,0,7,0,0,0,0,0,0,0,0.000000,0,0,0,0,0,0,0,0,0,0,0,0,0,0,286.609917,0.000000
1771730916531,00004,111,2,139,139,1,74,0,630,498,248,15,367,103,132,391583,136,112,8,52,129,193,0,0,29,229,84,95,193,4217,7,0,0,0,0,0,0,0,0.000000,0,0,0,0,0,0,0,0,0,0,0,0,0,0,235.789632,0.000000
1771730916531,00006,111,2,139,139,1,74,0,630,498,248,15,367,103,132,391583,136,112,8,52,129,193,0,0,29,229,84,95,193,4217,7,0,0,0,0,0,0,0,0.000000,0,0,0,0,0,0,0,0,0,0,0,0,0,0,267.335361,0.000000
1771730916531,00007,111,2,139,139,1,74,0,630,498,248,15,367,103,132,391583,136,112,8,52,129,193,0,0,29,229,84,95,193,4217,7,0,0,0,0,0,0,0,0.000000,0,0,0,0,0,0,0,0,0,0,0,0,0,0,304.440960,0.000000
1771730916531,00010,111,2,139,139,1,74,0,630,498,248,15,367,103,132,391583,136,112,8,52,129,193,0,0,29,229,84,95,193,4217,7,30,22,10,6,14,8,2681,1.216250,9,1,0,12,8,0,0,0,7,5,13,5,0,0,286.804605,80.000000
1771730916531,00013,111,2,139,139,1,74,0,630,498,248,15,367,103,132,391583,136,112,8,52,129,193,0,0,29,229,84,95,193,4217,7,193,193,0,0,193,0,148158,17.201250,0,0,0,0,0,193,0,0,0,0,0,0,193,0,12341.212391,19590.000000
1771730916531,00001,111,2,139,139,1,74,0,630,498,248,15,367,103,132,391583,136,112,8,52,129,193,0,0,29,229,84,95,193,4217,7,407,283,238,9,160,124,240744,85.435357,127,111,8,40,121,0,0,0,22,224,71,90,0,4217,11565.252011,10480.000000
1771730916531,00002,111,2,139,139,1,74,0,630,498,248,15,367,103,132,391583,136,112,8,52,129,193,0,0,29,229,84,95,193,4217,7,0,0,0,0,0,0,0,0.000000,0,0,0,0,0,0,0,0,0,0,0,0,0,0,286.609917,0.000000
1771730916631,00004,111,2,139,139,1,61,0,644,505,207,87,350,86,139,372126,70,137,61,48,117,211,0,0,19,270,52,92,211,54,7,0,0,0,0,0,0,0,0.000000,0,0,0,0,0,0,0,0,0,0,0,0,0,0,235.789632,0.000000
1771730916631,00006,111,2,139,139,1,61,0,644,505,207,87,350,86,139,372126,70,137,61,48,117,211,0,0,19,270,52,92,211,54,7,0,0,0,0,0,0,0,0.000000,0,0,0,0,0,0,0,0,0,0,0,0,0,0,267.335361,0.000000
1771730916631,00007,111,2,139,139,1,61,0,644,505,207,87,350,86,139,372126,70,137,61,48,117,211,0,0,19,270,52,92,211,54,7,14,10,5,9,0,4,1196,0.620536,3,2,6,3,0,0,0,0,2,10,2,0,0,54,300.140226,20.000000
1771730916631,00010,111,2,139,139,1,61,0,644,505,207,87,350,86,139,372126,70,137,61,48,117,211,0,0,19,270,52,92,211,54,7,18,9,13,5,0,9,1312,1.663036,13,0,1,4,0,0,0,0,15,0,3,0,0,0,290.236199,30.000000
1771730916631,00013,111,2,139,139,1,61,0,644,505,207,87,350,86,139,372126,70,137,61,48,117,211,0,0,19,270,52,92,211,54,7,211,211,0,0,211,0,157130,18.243750,0,0,0,0,0,211,0,0,0,0,0,0,211,0,12247.840883,20540.000000
1771730916631,00001,111,2,139,139,1,61,0,644,505,207,87,350,86,139,372126,70,137,61,48,117,211,0,0,19,270,52,92,211,54,7,401,275,189,73,139,126,212488,67.961071,54,135,54,41,117,0,0,0,2,260,47,92,0,0,11231.573344,9850.000000
1771730916631,00002,111,2,139,139,1,61,0,644,505,207,87,350,86,139,372126,70,137,61,48,117,211,0,0,19,270,52,92,211,54,7,0,0,0,0,0,0,0,0.000000,0,0,0,0,0,0,0,0,0,0,0,0,0,0,286.609917,0.000000
1771730916731,00004,111,2,139,139,1,28,0,619,530,126,46,447,39,89,314795,65,61,46,0,234,213,0,0,85,77,15,104,338,2021061,8,0,0,0,0,0,0,0,0.000000,0,0,0,0,0,0,0,0,0,0,0,0,0,0,235.789632,0.000000
1771730916731,00006,111,2,139,139,1,28,0,619,530,126,46,447,39,89,314795,65,61,46,0,234,213,0,0,85,77,15,104,338,2021061,8,0,0,0,0,0,0,0,0.000000,0,0,0,0,0,0,0,0,0,0,0,0,0,0,267.335361,0.000000
1771730916731,00007,111,2,139,139,1,28,0,619,530,126,46,447,39,89,314795,65,61,46,0,234,213,0,0,85,77,15,104,338,2021061,8,15,11,12,3,0,4,894,0.769464,8,4,3,0,0,0,0,0,7,8,0,0,0,0,305.318462,50.000000
1771730916731,00013,111,2,139,139,1,28,0,619,530,126,46,447,39,89,314795,65,61,46,0,234,213,0,0,85,77,15,104,338,2021061,8,213,213,0,0,213,0,152196,17.672857,0,0,0,0,0,213,0,0,0,0,0,0,213,0,12139.405029,17710.000000
1771730916731,00001,111,2,139,139,1,28,0,619,530,126,46,447,39,89,314795,65,61,46,0,234,213,0,0,85,77,15,104,338,2021061,8,244,212,6,4,234,32,145242,22.984643,0,6,4,0,234,0,0,0,0,0,15,104,125,5076,11149.614685,12050.000000
1771730916731,00002,111,2,139,139,1,28,0,619,530,126,46,447,39,89,314795,65,61,46,0,234,213,0,0,85,77,15,104,338,2021061,8,0,0,0,0,0,0,0,0.000000,0,0,0,0,0,0,0,0,0,0,0,0,0,0,286.609917,0.000000
1771730916731,00014,111,2,139,139,1,28,0,619,530,126,46,447,39,89,314795,65,61,46,0,234,213,0,0,85,77,15,104,338,2021061,8,76,50,53,23,0,26,6101,0.211415,30,23,23,0,0,0,0,0,39,37,0,0,0,0,300.529296,310.000000
1771730916731,00021,111,2,139,139,1,28,0,619,530,126,46,447,39,89,314795,65,61,46,0,234,213,0,0,85,77,15,104,338,2021061,8,71,44,55,16,0,27,10362,0.268984,27,28,16,0,0,0,0,0,39,32,0,0,0,2015985,7490.368540,7960.000000
1771730916831,00004,111,2,139,139,1,58,0,1258,1029,477,127,654,82,229,325051,170,307,57,385,38,301,0,0,266,254,319,115,304,2262259,9,0,0,0,0,0,0,0,0.000000,0,0,0,0,0,0,0,0,0,0,0,0,0,0,235.789632,0.000000
1771730916831,00006,111,2,139,139,1,58,0,1258,1029,477,127,654,82,229,325051,170,307,57,385,38,301,0,0,266,254,319,115,304,2262259,9,0,0,0,0,0,0,0,0.000000,0,0,0,0,0,0,0,0,0,0,0,0,0,0,267.335361,0.000000
1771730916831,00007,111,2,139,139,1,58,0,1258,1029,477,127,654,82,229,325051,170,307,57,385,38,301,0,0,266,254,319,115,304,2262259,9,18,16,18,0,0,2,903,0.719821,4,14,0,0,0,0,0,0,2,16,0,0,0,0,300.375094,40.000000
1771730916831,00013,111,2,139,139,1,58,0,1258,1029,477,127,654,82,229,325051,170,307,57,385,38,301,0,0,266,254,319,115,304,2262259,9,301,301,0,0,301,0,143706,16.729643,0,0,0,0,0,301,0,0,0,0,0,0,301,2553,11863.626152,19170.000000
1771730916831,00001,111,2,139,139,1,58,0,1258,1029,477,127,654,82,229,325051,170,307,57,385,38,301,0,0,266,254,319,115,304,2262259,9,423,365,0,70,353,58,130601,30.480714,0,0,0,385,38,0,0,0,0,0,305,115,3,140611,11326.539100,17390.000000
1771730916831,00002,111,2,139,139,1,58,0,1258,1029,477,127,654,82,229,325051,170,307,57,385,38,301,0,0,266,254,319,115,304,2262259,9,0,0,0,0,0,0,0,0.000000,0,0,0,0,0,0,0,0,0,0,0,0,0,0,286.609917,0.000000
1771730916831,00014,111,2,139,139,1,58,0,1258,1029,477,127,654,82,229,325051,170,307,57,385,38,301,0,0,266,254,319,115,304,2262259,9,33,22,12,21,0,11,1999,1.067321,7,5,21,0,0,0,0,0,14,19,0,0,0,0,297.905880,90.000000
1771730916831,00021,111,2,139,139,1,58,0,1258,1029,477,127,654,82,229,325051,170,307,57,385,38,301,0,0,266,254,319,115,304,2262259,9,483,325,447,36,0,158,47842,35.320893,159,288,36,0,0,0,0,0,250,219,14,0,0,2119095,7207.490435,9740.000000
1771730916831,00020,111,2,139,139,1,58,0,1258,1029,477,127,654,82,229,325051,170,307,57,385,38,301,0,0,266,254,319,115,304,2262259,9,0,0,0,0,0,0,0,0.000000,0,0,0,0,0,0,0,0,0,0,0,0,0,0,181.333394,0.000000
1771730916931,00004,111,2,139,139,1,68,0,1077,900,281,128,668,95,177,476370,161,120,113,23,405,255,0,6,160,226,20,410,255,2298308,9,0,0,0,0,0,0,0,0.000000,0,0,0,0,0,0,0,0,0,0,0,0,0,0,235.789632,0.000000
1771730916931,00006,111,2,139,139,1,68,0,1077,900,281,128,668,95,177,476370,161,120,113,23,405,255,0,6,160,226,20,410,255,2298308,9,0,0,0,0,0,0,0,0.000000,0,0,0,0,0,0,0,0,0,0,0,0,0,0,267.335361,0.000000
1771730916931,00007,111,2,139,139,1,68,0,1077,900,281,128,668,95,177,476370,161,120,113,23,405,255,0,6,160,226,20,410,255,2298308,9,21,13,14,7,0,8,1306,1.067321,10,4,4,3,0,0,0,2,2,17,0,0,0,0,297.311806,40.000000
1771730916931,00013,111,2,139,139,1,68,0,1077,900,281,128,668,95,177,476370,161,120,113,23,405,255,0,6,160,226,20,410,255,2298308,9,255,255,0,0,255,0,152479,17.722500,0,0,0,0,0,255,0,0,0,0,0,0,255,461,11704.073185,19490.000000
1771730916931,00001,111,2,139,139,1,68,0,1077,900,281,128,668,95,177,476370,161,120,113,23,405,255,0,6,160,226,20,410,255,2298308,9,413,380,0,0,413,33,270772,45.100536,0,0,0,8,405,0,0,0,0,0,3,410,0,63680,11283.028220,34580.000000
1771730916931,00002,111,2,139,139,1,68,0,1077,900,281,128,668,95,177,476370,161,120,113,23,405,255,0,6,160,226,20,410,255,2298308,9,0,0,0,0,0,0,0,0.000000,0,0,0,0,0,0,0,0,0,0,0,0,0,0,286.609917,0.000000
1771730916931,00014,111,2,139,139,1,68,0,1077,900,281,128,668,95,177,476370,161,120,113,23,405,255,0,6,160,226,20,410,255,2298308,9,36,18,26,10,0,18,2080,1.886429,20,6,6,4,0,0,0,4,25,5,2,0,0,0,295.144644,60.000000
1771730916931,00021,111,2,139,139,1,68,0,1077,900,281,128,668,95,177,476370,161,120,113,23,405,255,0,6,160,226,20,410,255,2298308,9,352,234,241,111,0,118,49733,31.845893,131,110,103,8,0,0,0,0,133,204,15,0,0,2234167,7063.121221,10060.000000
1771730916931,00020,111,2,139,139,1,68,0,1077,900,281,128,668,95,177,476370,161,120,113,23,405,255,0,6,160,226,20,410,255,2298308,9,0,0,0,0,0,0,0,0.000000,0,0,0,0,0,0,0,0,0,0,0,0,0,0,181.333394,0.000000
1771730917031,00004,111,2,139,139,1,77,0,1129,935,340,165,624,108,194,432794,266,74,154,57,348,230,0,0,238,253,68,340,230,2352166,9,0,0,0,0,0,0,0,0.000000,0,0,0,0,0,0,0,0,0,0,0,0,0,0,235.789632,0.000000
1771730917031,00006,111,2,139,139,1,77,0,1129,935,340,165,624,108,194,432794,266,74,154,57,348,230,0,0,238,253,68,340,230,2352166,9,0,0,0,0,0,0,0,0.000000,0,0,0,0,0,0,0,0,0,0,0,0,0,0,267.335361,0.000000
1771730917031,00007,111,2,139,139,1,77,0,1129,935,340,165,624,108,194,432794,266,74,154,57,348,230,0,0,238,253,68,340,230,2352166,9,19,13,9,10,0,6,1572,0.695000,2,7,10,0,0,0,0,0,3,11,5,0,0,0,295.704329,40.000000
1771730917031,00013,111,2,139,139,1,77,0,1129,935,340,165,624,108,194,432794,266,74,154,57,348,230,0,0,238,253,68,340,230,2352166,9,230,230,0,0,230,0,139475,16.208393,0,0,0,0,0,230,0,0,0,0,0,0,230,461,11602.908966,20640.000000
1771730917031,00001,111,2,139,139,1,77,0,1129,935,340,165,624,108,194,432794,266,74,154,57,348,230,0,0,238,253,68,340,230,2352166,9,401,371,0,7,394,30,219140,40.657500,0,0,0,53,348,0,0,0,0,0,61,340,0,20618,11060.517404,24730.000000
1771730917031,00002,111,2,139,139,1,77,0,1129,935,340,165,624,108,194,432794,266,74,154,57,348,230,0,0,238,253,68,340,230,2352166,9,0,0,0,0,0,0,0,0.000000,0,0,0,0,0,0,0,0,0,0,0,0,0,0,286.609917,0.000000
1771730917031,00014,111,2,139,139,1,77,0,1129,935,340,165,624,108,194,432794,266,74,154,57,348,230,0,0,238,253,68,340,230,2352166,9,0,0,0,0,0,0,0,0.000000,0,0,0,0,0,0,0,0,0,0,0,0,0,0,295.144644,0.000000
1771730917031,00021,111,2,139,139,1,77,0,1129,935,340,165,624,108,194,432794,266,74,154,57,348,230,0,0,238,253,68,340,230,2352166,9,479,321,331,148,0,158,72607,52.100179,264,67,144,4,0,0,0,0,235,242,2,0,0,2331087,6871.199681,11000.000000
1771730917031,00020,111,2,139,139,1,77,0,1129,935,340,165,624,108,194,432794,266,74,154,57,348,230,0,0,238,253,68,340,230,2352166,9,0,0,0,0,0,0,0,0.000000,0,0,0,0,0,0,0,0,0,0,0,0,0,0,181.333394,0.000000
1771730917131,00004,111,2,139,139,1,74,0,1035,861,408,81,546,103,174,403756,237,171,75,12,315,225,0,0,255,212,26,317,225,2434062,9,0,0,0,0,0,0,0,0.000000,0,0,0,0,0,0,0,0,0,0,0,0,0,0,235.789632,0.000000
1771730917131,00006,111,2,139,139,1,74,0,1035,861,408,81,546,103,174,403756,237,171,75,12,315,225,0,0,255,212,26,317,225,2434062,9,0,0,0,0,0,0,0,0.000000,0,0,0,0,0,0,0,0,0,0,0,0,0,0,267.335361,0.000000
1771730917131,00007,111,2,139,139,1,74,0,1035,861,408,81,546,103,174,403756,237,171,75,12,315,225,0,0,255,212,26,317,225,2434062,9,14,12,3,11,0,2,1454,0.645357,1,2,11,0,0,0,0,0,0,9,5,0,0,0,299.269378,50.000000
1771730917131,00013,111,2,139,139,1,74,0,1035,861,408,81,546,103,174,403756,237,171,75,12,315,225,0,0,255,212,26,317,225,2434062,9,225,225,0,0,225,0,143569,16.680000,0,0,0,0,0,225,0,0,0,0,0,0,225,0,11532.808671,21160.000000
1771730917131,00001,111,2,139,139,1,74,0,1035,861,408,81,546,103,174,403756,237,171,75,12,315,225,0,0,255,212,26,317,225,2434062,9,322,294,0,5,317,28,185714,30.604821,0,0,0,7,315,0,0,0,0,0,5,317,0,0,10942.383940,25570.000000
1771730917131,00002,111,2,139,139,1,74,0,1035,861,408,81,546,103,174,403756,237,171,75,12,315,225,0,0,255,212,26,317,225,2434062,9,0,0,0,0,0,0,0,0.000000,0,0,0,0,0,0,0,0,0,0,0,0,0,0,286.609917,0.000000
1771730917131,00014,111,2,139,139,1,74,0,1035,861,408,81,546,103,174,403756,237,171,75,12,315,225,0,0,255,212,26,317,225,2434062,9,0,0,0,0,0,0,0,0.000000,0,0,0,0,0,0,0,0,0,0,0,0,0,0,295.144644,0.000000
1771730917131,00021,111,2,139,139,1,74,0,1035,861,408,81,546,103,174,403756,237,171,75,12,315,225,0,0,255,212,26,317,225,2434062,9,466,325,402,64,0,141,72422,57.908393,233,169,64,0,0,0,0,0,255,199,12,0,0,2434062,6737.242933,11310.000000
1771730917131,00020,111,2,139,139,1,74,0,1035,861,408,81,546,103,174,403756,237,171,75,12,315,225,0,0,255,212,26,317,225,2434062,9,8,5,3,1,4,3,597,0.297857,3,0,0,5,0,0,0,0,0,4,4,0,0,0,225.423867,0.000000
1771730917231,00004,111,2,139,139,1,74,0,1123,851,276,193,654,103,272,424362,204,72,184,100,330,233,0,0,135,302,51,402,233,2571612,9,0,0,0,0,0,0,0,0.000000,0,0,0,0,0,0,0,0,0,0,0,0,0,0,235.789632,0.000000
1771730917231,00006,111,2,139,139,1,74,0,1123,851,276,193,654,103,272,424362,204,72,184,100,330,233,0,0,135,302,51,402,233,2571612,9,0,0,0,0,0,0,0,0.000000,0,0,0,0,0,0,0,0,0,0,0,0,0,0,267.335361,0.000000
1771730917231,00007,111,2,139,139,1,74,0,1123,851,276,193,654,103,272,424362,204,72,184,100,330,233,0,0,135,302,51,402,233,2571612,9,16,12,1,1,14,4,1900,0.421964,0,1,1,6,8,0,0,0,0,2,13,1,0,0,301.018055,40.000000
1771730917231,00013,111,2,139,139,1,74,0,1123,851,276,193,654,103,272,424362,204,72,184,100,330,233,0,0,135,302,51,402,233,2571612,9,233,233,0,0,233,0,139458,16.208393,0,0,0,0,0,233,0,0,0,0,0,0,233,0,11435.506976,20010.000000
1771730917231,00001,111,2,139,139,1,74,0,1123,851,276,193,654,103,272,424362,204,72,184,100,330,233,0,0,135,302,51,402,233,2571612,9,409,296,0,5,404,113,196640,37.877500,0,0,0,87,322,0,0,0,0,1,7,401,0,0,10722.156167,14250.000000
1771730917231,00002,111,2,139,139,1,74,0,1123,851,276,193,654,103,272,424362,204,72,184,100,330,233,0,0,135,302,51,402,233,2571612,9,0,0,0,0,0,0,0,0.000000,0,0,0,0,0,0,0,0,0,0,0,0,0,0,286.609917,0.000000
1771730917231,00014,111,2,139,139,1,74,0,1123,851,276,193,654,103,272,424362,204,72,184,100,330,233,0,0,135,302,51,402,233,2571612,9,0,0,0,0,0,0,0,0.000000,0,0,0,0,0,0,0,0,0,0,0,0,0,0,295.144644,0.000000
1771730917231,00021,111,2,139,139,1,74,0,1123,851,276,193,654,103,272,424362,204,72,184,100,330,233,0,0,135,302,51,402,233,2571612,9,456,305,273,183,0,151,85669,50.610893,202,71,183,0,0,0,0,0,132,299,25,0,0,2571612,6905.369596,11940.000000
1771730917231,00020,111,2,139,139,1,74,0,1123,851,276,193,654,103,272,424362,204,72,184,100,330,233,0,0,135,302,51,402,233,2571612,9,9,5,2,4,3,4,695,0.273036,2,0,0,7,0,0,0,0,3,0,6,0,0,0,243.121330,10.000000
1771730917331,00004,111,2,139,139,1,72,0,1032,857,208,258,566,101,175,434418,86,122,178,84,330,232,0,0,8,283,189,320,232,2701508,8,6,6,6,0,0,0,181,0.248214,3,3,0,0,0,0,0,0,0,3,3,0,0,0,255.079651,0.000000
1771730917331,00006,111,2,139,139,1,72,0,1032,857,208,258,566,101,175,434418,86,122,178,84,330,232,0,0,8,283,189,320,232,2701508,8,0,0,0,0,0,0,0,0.000000,0,0,0,0,0,0,0,0,0,0,0,0,0,0,267.335361,0.000000
1771730917331,00007,111,2,139,139,1,72,0,1032,857,208,258,566,101,175,434418,86,122,178,84,330,232,0,0,8,283,189,320,232,2701508,8,10,8,3,3,4,2,1145,0.421964,0,3,3,1,3,0,0,0,0,4,6,0,0,0,300.629853,40.000000
1771730917331,00013,111,2,139,139,1,72,0,1032,857,208,258,566,101,175,434418,86,122,178,84,330,232,0,0,8,283,189,320,232,2701508,8,232,232,0,0,232,0,139248,16.183571,0,0,0,0,0,232,0,0,0,0,0,0,232,0,11351.250810,19280.000000
1771730917331,00001,111,2,139,139,1,72,0,1032,857,208,258,566,101,175,434418,86,122,178,84,330,232,0,0,8,283,189,320,232,2701508,8,327,288,0,0,327,39,166751,27.849643,0,0,0,0,327,0,0,0,0,5,2,320,0,206,10605.107828,22420.000000
1771730917331,00002,111,2,139,139,1,72,0,1032,857,208,258,566,101,175,434418,86,122,178,84,330,232,0,0,8,283,189,320,232,2701508,8,5,3,4,1,0,2,158,0.148929,1,3,1,0,0,0,0,0,3,2,0,0,0,0,286.865363,0.000000
1771730917331,00014,111,2,139,139,1,72,0,1032,857,208,258,566,101,175,434418,86,122,178,84,330,232,0,0,8,283,189,320,232,2701508,8,0,0,0,0,0,0,0,0.000000,0,0,0,0,0,0,0,0,0,0,0,0,0,0,295.144644,0.000000
1771730917331,00021,111,2,139,139,1,72,0,1032,857,208,258,566,101,175,434418,86,122,178,84,330,232,0,0,8,283,189,320,232,2701508,8,452,320,195,254,3,132,126935,58.106964,82,113,174,83,0,0,0,0,5,269,178,0,0,2701302,7058.577651,12360.000000
1771730917431,00004,111,2,139,139,1,49,0,682,536,26,188,468,69,146,379427,23,3,129,131,184,212,0,55,12,28,261,115,211,2838258,9,8,6,0,1,7,2,1546,0.223393,0,0,1,0,1,6,0,0,0,0,0,3,5,0,330.139609,10.000000
1771730917431,00006,111,2,139,139,1,49,0,682,536,26,188,468,69,146,379427,23,3,129,131,184,212,0,55,12,28,261,115,211,2838258,9,0,0,0,0,0,0,0,0.000000,0,0,0,0,0,0,0,0,0,0,0,0,0,0,267.335361,0.000000
1771730917431,00007,111,2,139,139,1,49,0,682,536,26,188,468,69,146,379427,23,3,129,131,184,212,0,55,12,28,261,115,211,2838258,9,14,10,5,6,3,4,1295,0.595714,4,1,6,3,0,0,0,0,0,6,8,0,0,0,298.516873,40.000000
1771730917431,00013,111,2,139,139,1,49,0,682,536,26,188,468,69,146,379427,23,3,129,131,184,212,0,55,12,28,261,115,211,2838258,9,206,206,0,0,206,0,151146,17.548750,0,0,0,0,0,206,0,0,0,0,0,0,206,720,11315.799416,18440.000000
1771730917431,00001,111,2,139,139,1,49,0,682,536,26,188,468,69,146,379427,23,3,129,131,184,212,0,55,12,28,261,115,211,2838258,9,340,253,0,88,252,87,201407,43.139643,0,0,56,101,183,0,0,0,0,10,218,112,0,5743,10475.538711,18020.000000
1771730917431,00002,111,2,139,139,1,49,0,682,536,26,188,468,69,146,379427,23,3,129,131,184,212,0,55,12,28,261,115,211,2838258,9,29,19,7,22,0,10,2895,1.414821,6,1,22,0,0,0,0,0,12,10,7,0,0,0,285.635475,90.000000
1771730917431,00014,111,2,139,139,1,49,0,682,536,26,188,468,69,146,379427,23,3,129,131,184,212,0,55,12,28,261,115,211,2838258,9,0,0,0,0,0,0,0,0.000000,0,0,0,0,0,0,0,0,0,0,0,0,0,0,295.144644,0.000000
1771730917431,00021,111,2,139,139,1,49,0,682,536,26,188,468,69,146,379427,23,3,129,131,184,212,0,55,12,28,261,115,211,2838258,9,85,42,14,71,0,43,21138,8.215893,13,1,44,27,0,0,0,55,0,2,28,0,0,2831795,7144.467204,7650.000000
1771730917431,00010,111,2,139,139,1,49,0,682,536,26,188,468,69,146,379427,23,3,129,131,184,212,0,55,12,28,261,115,211,2838258,9,0,0,0,0,0,0,0,0.000000,0,0,0,0,0,0,0,0,0,0,0,0,0,0,310.391520,0.000000
1771730917531,00004,111,2,139,139,1,64,0,878,707,136,132,610,89,171,416059,121,15,23,326,195,198,0,0,167,48,270,195,198,2929949,9,11,7,11,0,0,4,500,0.471607,4,7,0,0,0,0,0,0,5,6,0,0,0,0,355.630280,0.000000
1771730917531,00006,111,2,139,139,1,64,0,878,707,136,132,610,89,171,416059,121,15,23,326,195,198,0,0,167,48,270,195,198,2929949,9,0,0,0,0,0,0,0,0.000000,0,0,0,0,0,0,0,0,0,0,0,0,0,0,267.335361,0.000000
1771730917531,00007,111,2,139,139,1,64,0,878,707,136,132,610,89,171,416059,121,15,23,326,195,198,0,0,167,48,270,195,198,2929949,9,11,7,1,9,1,4,970,0.322679,0,1,5,5,0,0,0,0,0,3,8,0,0,0,292.963742,50.000000
1771730917531,00013,111,2,139,139,1,64,0,878,707,136,132,610,89,171,416059,121,15,23,326,195,198,0,0,167,48,270,195,198,2929949,9,198,198,0,0,198,0,138292,16.059464,0,0,0,0,0,198,0,0,0,0,0,0,198,0,11266.349930,17600.000000
1771730917531,00001,111,2,139,139,1,64,0,878,707,136,132,610,89,171,416059,121,15,23,326,195,198,0,0,167,48,270,195,198,2929949,9,362,301,1,49,312,61,190391,41.997857,1,0,15,151,195,0,0,0,0,1,166,195,0,0,10326.798236,18020.000000
1771730917531,00002,111,2,139,139,1,64,0,878,707,136,132,610,89,171,416059,121,15,23,326,195,198,0,0,167,48,270,195,198,2929949,9,7,7,7,0,0,0,393,0.446786,3,4,0,0,0,0,0,0,0,7,0,0,0,0,281.932607,30.000000
1771730917531,00014,111,2,139,139,1,64,0,878,707,136,132,610,89,171,416059,121,15,23,326,195,198,0,0,167,48,270,195,198,2929949,9,0,0,0,0,0,0,0,0.000000,0,0,0,0,0,0,0,0,0,0,0,0,0,0,295.144644,0.000000
1771730917531,00021,111,2,139,139,1,64,0,878,707,136,132,610,89,171,416059,121,15,23,326,195,198,0,0,167,48,270,195,198,2929949,9,289,187,116,74,99,102,85513,32.367143,113,3,3,170,0,0,0,0,162,31,96,0,0,2929949,7101.105883,7650.000000
1771730917531,00010,111,2,139,139,1,64,0,878,707,136,132,610,89,171,416059,121,15,23,326,195,198,0,0,167,48,270,195,198,2929949,9,0,0,0,0,0,0,0,0.000000,0,0,0,0,0,0,0,0,0,0,0,0,0,0,310.391520,0.000000
1771730917631,00006,111,2,139,139,1,71,0,1031,808,199,233,599,100,223,434413,198,1,75,377,165,215,0,0,128,174,416,98,215,2995034,8,0,0,0,0,0,0,0,0.000000,0,0,0,0,0,0,0,0,0,0,0,0,0,0,267.335361,0.000000
1771730917631,00007,111,2,139,139,1,71,0,1031,808,199,233,599,100,223,434413,198,1,75,377,165,215,0,0,128,174,416,98,215,2995034,8,20,12,5,15,0,8,1953,0.918393,4,1,9,6,0,0,0,0,8,3,9,0,0,0,291.707982,40.000000
1771730917631,00013,111,2,139,139,1,71,0,1031,808,199,233,599,100,223,434413,198,1,75,377,165,215,0,0,128,174,416,98,215,2995034,8,215,215,0,0,215,0,144469,16.779286,0,0,0,0,0,215,0,0,0,0,0,0,215,0,11211.764523,18860.000000
1771730917631,00001,111,2,139,139,1,71,0,1031,808,199,233,599,100,223,434413,198,1,75,377,165,215,0,0,128,174,416,98,215,2995034,8,379,329,1,195,183,50,148234,39.441250,1,0,62,316,0,0,0,0,1,1,377,0,0,6673,10119.133916,22320.000000
1771730917631,00002,111,2,139,139,1,71,0,1031,808,199,233,599,100,223,434413,198,1,75,377,165,215,0,0,128,174,416,98,215,2995034,8,0,0,0,0,0,0,0,0.000000,0,0,0,0,0,0,0,0,0,0,0,0,0,0,281.932607,0.000000
1771730917631,00014,111,2,139,139,1,71,0,1031,808,199,233,599,100,223,434413,198,1,75,377,165,215,0,0,128,174,416,98,215,2995034,8,0,0,0,0,0,0,0,0.000000,0,0,0,0,0,0,0,0,0,0,0,0,0,0,295.144644,0.000000
1771730917631,00021,111,2,139,139,1,71,0,1031,808,199,233,599,100,223,434413,198,1,75,377,165,215,0,0,128,174,416,98,215,2995034,8,417,252,193,23,201,165,139757,45.274286,193,0,4,55,165,0,0,0,119,170,30,98,0,2988361,7037.804061,9220.000000
1771730917631,00010,111,2,139,139,1,71,0,1031,808,199,233,599,100,223,434413,198,1,75,377,165,215,0,0,128,174,416,98,215,2995034,8,0,0,0,0,0,0,0,0.000000,0,0,0,0,0,0,0,0,0,0,0,0,0,0,310.391520,0.000000
1771730917731,00006,111,2,139,139,1,54,0,574,463,68,113,393,76,111,360017,54,14,80,160,106,160,0,0,72,13,211,118,160,3112506,8,0,0,0,0,0,0,0,0.000000,0,0,0,0,0,0,0,0,0,0,0,0,0,0,267.335361,0.000000
1771730917731,00007,111,2,139,139,1,54,0,574,463,68,113,393,76,111,360017,54,14,80,160,106,160,0,0,72,13,211,118,160,3112506,8,13,9,10,3,0,4,814,0.918393,10,0,3,0,0,0,0,0,6,6,1,0,0,0,294.511893,50.000000
1771730917731,00013,111,2,139,139,1,54,0,574,463,68,113,393,76,111,360017,54,14,80,160,106,160,0,0,72,13,211,118,160,3112506,8,160,160,0,0,160,0,128084,14.868036,0,0,0,0,0,160,0,0,0,0,0,0,160,461,11214.424623,17290.000000
1771730917731,00001,111,2,139,139,1,54,0,574,463,68,113,393,76,111,360017,54,14,80,160,106,160,0,0,72,13,211,118,160,3112506,8,306,234,14,96,196,72,199162,50.759821,0,14,63,152,77,0,0,0,0,3,203,100,0,0,10041.645491,19280.000000
1771730917731,00002,111,2,139,139,1,54,0,574,463,68,113,393,76,111,360017,54,14,80,160,106,160,0,0,72,13,211,118,160,3112506,8,0,0,0,0,0,0,0,0.000000,0,0,0,0,0,0,0,0,0,0,0,0,0,0,280.385278,0.000000
1771730917731,00014,111,2,139,139,1,54,0,574,463,68,113,393,76,111,360017,54,14,80,160,106,160,0,0,72,13,211,118,160,3112506,8,0,0,0,0,0,0,0,0.000000,0,0,0,0,0,0,0,0,0,0,0,0,0,0,295.144644,0.000000
1771730917731,00021,111,2,139,139,1,54,0,574,463,68,113,393,76,111,360017,54,14,80,160,106,160,0,0,72,13,211,118,160,3112506,8,95,60,44,14,37,35,31957,12.187321,44,0,14,8,29,0,0,0,66,4,7,18,0,3112045,7094.943650,7860.000000
1771730917731,00010,111,2,139,139,1,54,0,574,463,68,113,393,76,111,360017,54,14,80,160,106,160,0,0,72,13,211,118,160,3112506,8,0,0,0,0,0,0,0,0.000000,0,0,0,0,0,0,0,0,0,0,0,0,0,0,310.391520,0.000000
