% start	end	CellId	IMSI	RNTI	LCID	nTxPDUs	TxBytes	nRxPDUs	RxBytes	delay	stdDev	min	max	PduSize	stdDev	min	max
0.1	0.2	1	2	21	3	1	54	2	112	0.00256786	0.000712159	0.00206429	0.00307144	56	2.82843	54	58	
0.1	0.2	1	3	13	3	1	54	2	112	0.00712144	0.00683873	0.00228572	0.0119571	56	2.82843	54	58	
0.1	0.2	1	4	10	3	1	54	2	112	0.00245715	0.000782867	0.00190358	0.00301072	56	2.82843	54	58	
0.1	0.2	1	6	6	3	1	54	2	112	0.00242501	0.000424262	0.00212501	0.00272501	56	2.82843	54	58	
0.1	0.2	1	7	17	3	1	54	2	112	0.00242501	0.000449516	0.00210715	0.00274286	56	2.82843	54	58	
0.1	0.2	1	8	1	3	1	54	2	112	0.00247858	0.000474771	0.00214286	0.00281429	56	2.82843	54	58	
0.1	0.2	1	10	16	3	1	54	2	112	0.00238036	0.000563158	0.00198215	0.00277858	56	2.82843	54	58	
0.1	0.2	1	11	3	3	1	54	2	112	0.00205536	0.00023991	0.00188572	0.00222501	56	2.82843	54	58	
0.1	0.2	1	12	7	3	1	54	2	112	0.00211786	0.000303044	0.00190358	0.00233215	56	2.82843	54	58	
0.1	0.2	1	14	18	3	1	54	2	112	0.00699286	0.0069448	0.00208215	0.0119036	56	2.82843	54	58	
0.1	0.2	1	15	2	3	1	54	2	112	0.00737679	0.0064271	0.00283215	0.0119214	56	2.82843	54	58	
0.1	0.2	1	16	14	3	1	54	2	112	0.00219286	0.000181829	0.00206429	0.00232144	56	2.82843	54	58	
0.1	0.2	1	18	4	3	1	54	2	112	0.00252858	0.000429315	0.00222501	0.00283215	56	2.82843	54	58	
0.1	0.2	1	19	9	3	1	54	2	112	0.00220715	0.000176776	0.00208215	0.00233215	56	2.82843	54	58	
0.1	0.2	1	20	19	3	1	54	2	112	0.00235893	0.000643971	0.00190358	0.00281429	56	2.82843	54	58	
0.2	0.3	1	18	4	3	38	18692	36	17840	0.0129395	0.008105	0.00250664	0.0241001	495.556	155.641	142	590	
0.3	0.4	1	4	10	3	3	1442	3	1442	0.00376584	3.83014e-08	0.0037658	0.00376588	480.667	189.371	262	590	
0.3	0.4	1	18	4	3	45	21630	44	21040	0.00500042	0.00501081	0.00212331	0.021971	478.182	157.274	262	590	
0.4	0.5	1	2	21	3	36	17304	23	11274	0.00418911	0.00151801	0.00250005	0.0103913	490.174	154.315	262	590	
0.4	0.5	1	14	18	3	12	5768	10	4916	0.0065055	0.00194797	0.00434036	0.00912605	491.6	158.439	262	590	
0.4	0.5	1	18	4	3	42	20188	45	21630	0.00268069	0.000439977	0.0019533	0.00364661	480.667	156.368	262	590	
0.5	0.6	1	2	21	3	45	21630	55	26218	0.00943043	0.00901323	0.00304491	0.038988	476.691	157.407	262	590	
0.5	0.6	1	14	18	3	52	25312	53	25902	0.0075175	0.00761908	0.00239941	0.0330746	488.717	151.407	262	590	
0.5	0.6	1	18	4	3	45	21630	42	20188	0.0075298	0.00876061	0.0020933	0.0298265	480.667	156.495	262	590	
0.6	0.7	1	2	21	3	42	20188	44	21368	0.004836	0.00198824	0.00285491	0.0103213	485.636	154.539	262	590	
0.6	0.7	1	14	18	3	45	21630	32	15600	0.0117138	0.0131887	0.00253607	0.0390561	487.5	154.465	262	590	
0.6	0.7	1	18	4	3	42	20188	42	20188	0.0025162	0.000354969	0.0020252	0.00351998	480.667	156.495	262	590	
0.7	0.8	1	2	21	3	42	20188	45	21630	0.00474164	0.00199823	0.00280157	0.00970916	480.667	156.368	262	590	
0.7	0.8	1	4	10	3	3	1442	3	1442	0.00307599	0.000144344	0.00290932	0.00315934	480.667	189.371	262	590	
0.7	0.8	1	7	17	3	6	2884	6	2884	0.00255709	0.000475214	0.00212323	0.00299093	480.667	169.378	262	590	
0.7	0.8	1	14	18	3	42	20188	46	22220	0.0119003	0.00760826	0.0027894	0.0259628	483.043	155.459	262	590	
0.7	0.8	1	18	4	3	42	20188	45	21630	0.00262718	0.00041003	0.00204852	0.00344664	480.667	156.368	262	590	
0.8	0.9	1	2	21	3	42	20188	43	20450	0.00388756	0.00162972	0.00245823	0.0095013	475.581	158.176	262	590	
0.8	0.9	1	7	17	3	21	10094	24	11536	0.0024459	0.000345812	0.00210657	0.00313183	480.667	157.946	262	590	
0.8	0.9	1	14	18	3	45	21630	52	25104	0.00664325	0.00706608	0.00235272	0.0294261	482.769	155.362	262	590	
0.8	0.9	1	18	4	3	45	21630	42	20188	0.00252203	0.0010532	0.00201186	0.00904659	480.667	156.495	262	590	
0.9	1	1	7	17	3	21	10094	19	9242	0.00803847	0.00911239	0.00224324	0.02663	486.421	156.642	262	590	
0.9	1	1	14	18	3	45	21630	42	20188	0.0152154	0.0110706	0.00237605	0.0365283	480.667	156.495	262	590	
0.9	1	1	18	4	3	42	20188	42	20188	0.00252637	0.000993473	0.00204994	0.00859397	480.667	156.495	262	590	
0.9	1	1	19	9	3	18	8652	18	8652	0.00234744	0.000241312	0.00196773	0.00275662	480.667	159.103	262	590	
1	1.1	1	7	17	3	21	10094	23	10946	0.00584321	0.00477898	0.00236324	0.0178233	475.913	159.731	262	590	
1	1.1	1	14	18	3	42	20188	45	21630	0.00286978	0.000320712	0.00235938	0.00347607	480.667	156.368	262	590	
1	1.1	1	18	4	3	42	20188	45	21630	0.00224474	0.000163835	0.00207637	0.00278859	480.667	156.368	262	590	
1	1.1	1	19	9	3	24	11536	24	11536	0.00243084	0.000414825	0.0021025	0.00361295	480.667	157.946	262	590	
1.1	1.2	1	6	6	3	12	5768	9	4326	0.00309364	0.000980475	0.00221735	0.00437076	480.667	164	262	590	
1.1	1.2	1	7	17	3	24	11536	21	10094	0.0117565	0.00989666	0.00358729	0.0320609	480.667	158.439	262	590	
1.1	1.2	1	11	3	3	15	7210	15	7210	0.00254588	0.000405267	0.00208777	0.00304784	480.667	160.048	262	590	
1.1	1.2	1	14	18	3	45	21630	43	20778	0.00281807	0.000319313	0.00234271	0.0034794	483.209	155.517	262	590	
1.1	1.2	1	16	14	3	10	4588	10	4588	0.00568386	0.00359607	0.00288107	0.00986212	458.8	169.378	262	590	
1.1	1.2	1	18	4	3	45	21630	42	20188	0.00232856	0.000323342	0.00204303	0.0030631	480.667	156.495	262	590	
1.1	1.2	1	19	9	3	21	10094	21	10094	0.00237951	0.000318285	0.00208893	0.00293567	480.667	158.439	262	590	
1.2	1.3	1	6	6	3	42	20188	42	20188	0.0057529	0.00610615	0.00214401	0.0229874	480.667	156.495	262	590	
1.2	1.3	1	7	17	3	21	10094	16	7800	0.031853	0.0140585	0.00748872	0.0568699	487.5	157.018	262	590	
1.2	1.3	1	11	3	3	24	11536	21	10094	0.00247247	0.000284504	0.0021111	0.0031025	480.667	158.439	262	590	
1.2	1.3	1	12	7	3	3	1442	3	1442	0.00294042	3.83014e-08	0.00294038	0.00294046	480.667	189.371	262	590	
1.2	1.3	1	14	18	3	45	21630	36	17304	0.00388397	0.00116083	0.00242271	0.00903935	480.667	156.814	262	590	
1.2	1.3	1	16	14	3	3	1442	3	1442	0.00282873	3.83014e-08	0.00282869	0.00282877	480.667	189.371	262	590	
1.2	1.3	1	18	4	3	42	20188	42	20188	0.00271681	0.000386725	0.00186993	0.00318929	480.667	156.495	262	590	
1.2	1.3	1	19	9	3	21	10094	21	10094	0.0023895	0.000328264	0.00210798	0.003063	480.667	158.439	262	590	
1.3	1.4	1	6	6	3	42	20188	45	21630	0.00263139	0.000403916	0.00191615	0.00366731	480.667	156.368	262	590	
1.3	1.4	1	7	17	3	21	10094	29	13830	0.0113106	0.0128562	0.00264325	0.044453	476.897	158.662	262	590	
1.3	1.4	1	11	3	3	18	8652	21	10094	0.00227672	0.000286343	0.00204087	0.00292642	480.667	158.439	262	590	
1.3	1.4	1	12	7	3	3	1442	3	1442	0.00292376	3.83014e-08	0.00292372	0.00292379	480.667	189.371	262	590	
1.3	1.4	1	14	18	3	42	20188	49	23662	0.0217884	0.0168494	0.00240937	0.0562528	482.898	155.408	262	590	
1.3	1.4	1	15	2	3	3	1442	0	0	0	0	0	0	0	0	0	0	
1.3	1.4	1	16	14	3	6	2884	6	2884	0.00286622	7.08676e-05	0.00282988	0.00300962	480.667	169.378	262	590	
1.3	1.4	1	19	9	3	24	11536	24	11536	0.00218254	0.000113355	0.00206108	0.00257462	480.667	157.946	262	590	
1.4	1.5	1	6	6	3	36	17304	36	17304	0.00249143	0.000254044	0.00213067	0.00305398	480.667	156.814	262	590	
1.4	1.5	1	7	17	3	24	11536	22	10684	0.00473781	0.00206225	0.00245658	0.0130699	485.636	156.368	262	590	
1.4	1.5	1	10	16	3	21	10094	18	8652	0.0030518	0.000599223	0.0021782	0.00390822	480.667	159.103	262	590	
1.4	1.5	1	11	3	3	6	2884	6	2884	0.00253557	0.000338284	0.00222672	0.00284441	480.667	169.378	262	590	
1.4	1.5	1	14	18	3	45	21630	39	18746	0.0101583	0.00880227	0.00256603	0.031086	480.667	156.642	262	590	
1.4	1.5	1	15	2	3	21	10094	24	11536	0.00247774	0.00047573	0.0020819	0.00370264	480.667	157.946	262	590	
1.4	1.5	1	16	14	3	3	1442	3	1442	0.00279659	3.83014e-08	0.00279655	0.00279662	480.667	189.371	262	590	
1.4	1.5	1	19	9	3	21	10094	21	10094	0.00321619	0.000376766	0.00261584	0.00379872	480.667	158.439	262	590	
1.5	1.6	1	7	17	3	15	7210	17	8062	0.00284805	0.000653885	0.00209325	0.00438203	474.235	161.57	262	590	
1.5	1.6	1	10	16	3	42	20188	45	21630	0.00267463	0.000484154	0.0019482	0.00410365	480.667	156.368	262	590	
1.5	1.6	1	11	3	3	21	10094	21	10094	0.00225118	0.00024901	0.00203886	0.00282346	480.667	158.439	262	590	
1.5	1.6	1	14	18	3	27	12978	20	9832	0.0600394	0.00938334	0.0311848	0.0724727	491.6	154.213	262	590	
1.5	1.6	1	15	2	3	21	10094	21	10094	0.00256274	0.000520655	0.00206643	0.00354431	480.667	158.439	262	590	
1.5	1.6	1	16	14	3	6	2884	6	2884	0.00297695	6.5269e-07	0.00297631	0.00297757	480.667	169.378	262	590	
1.5	1.6	1	19	9	3	21	10094	21	10094	0.00223641	0.000253899	0.00201108	0.00304248	480.667	158.439	262	590	
1.6	1.7	1	8	1	3	3	1442	3	1442	0.00341412	0.000288682	0.00308077	0.0035808	480.667	189.371	262	590	
1.6	1.7	1	10	16	3	45	21630	42	20188	0.0034746	0.00106921	0.00235819	0.00920483	480.667	156.495	262	590	
1.6	1.7	1	11	3	3	21	10094	21	10094	0.002285	0.000286033	0.00207886	0.00294346	480.667	158.439	262	590	
1.6	1.7	1	14	18	3	6	3092	6	3092	0.0298114	0.0113772	0.0235822	0.0529572	515.333	133.066	262	590	
1.6	1.7	1	15	2	3	21	10094	21	10094	0.00220541	9.49798e-05	0.00207191	0.00234902	480.667	158.439	262	590	
1.6	1.7	1	16	14	3	3	1442	3	1442	0.00297873	3.83014e-08	0.00297869	0.00297876	480.667	189.371	262	590	
1.6	1.7	1	18	4	3	18	8652	18	8652	0.00241736	0.000361012	0.00205532	0.00297622	480.667	159.103	262	590	
1.6	1.7	1	19	9	3	24	11536	21	10094	0.0024233	0.000342158	0.00210465	0.00299139	480.667	158.439	262	590	
1.7	1.8	1	8	1	3	3	1442	3	1442	0.00348076	0.00038187	0.00306411	0.00381408	480.667	189.371	262	590	
1.7	1.8	1	10	16	3	42	20188	44	21040	0.00687449	0.00789999	0.00211152	0.0299749	478.182	157.274	262	590	
1.7	1.8	1	11	3	3	24	11536	21	10094	0.00248207	0.000380426	0.0021022	0.00298775	480.667	158.439	262	590	
1.7	1.8	1	16	14	3	6	2884	6	2884	0.00293587	1.04325e-05	0.00292631	0.00294543	480.667	169.378	262	590	
1.7	1.8	1	18	4	3	45	21630	45	21630	0.00214607	7.43413e-05	0.00201865	0.00226991	480.667	156.368	262	590	
1.7	1.8	1	19	9	3	21	10094	24	11536	0.00265404	0.000362066	0.00212799	0.00301354	480.667	157.946	262	590	
1.8	1.9	1	8	1	3	3	1442	6	2884	0.00344089	0.000306165	0.00303077	0.00379746	480.667	169.378	262	590	
1.8	1.9	1	10	16	3	15	7210	18	8652	0.00272842	0.000360945	0.00219151	0.00346244	480.667	159.103	262	590	
1.8	1.9	1	11	3	3	21	10094	21	10094	0.00226561	0.000283587	0.00202887	0.00291442	480.667	158.439	262	590	
1.8	1.9	1	16	14	3	3	1442	3	1442	0.00287516	3.83014e-08	0.00287512	0.00287519	480.667	189.371	262	590	
1.8	1.9	1	18	4	3	45	21630	42	20188	0.00229792	0.000310037	0.00204198	0.00292872	480.667	156.495	262	590	
1.8	1.9	1	19	9	3	21	10094	21	10094	0.00229167	0.000230927	0.00212918	0.00282688	480.667	158.439	262	590	
1.9	2	1	8	1	3	3	1442	3	1442	0.00321648	0.000183261	0.00301411	0.00337122	480.667	189.371	262	590	
1.9	2	1	11	3	3	21	10094	21	10094	0.00238106	0.000370853	0.00207006	0.00297347	480.667	158.439	262	590	
1.9	2	1	16	14	3	3	1442	3	1442	0.00291206	3.83014e-08	0.00291202	0.0029121	480.667	189.371	262	590	
1.9	2	1	18	4	3	42	20188	45	21630	0.00214892	7.15847e-05	0.00202864	0.00225871	480.667	156.368	262	590	
1.9	2	1	19	9	3	24	11536	21	10094	0.00218263	8.0023e-05	0.00207799	0.00230592	480.667	158.439	262	590	
2	2.1	1	8	1	3	6	2884	6	2884	0.00469445	0.0036186	0.00298077	0.0120688	480.667	169.378	262	590	
2	2.1	1	10	16	3	18	8652	18	8652	0.00327252	0.00160427	0.00236641	0.00894305	480.667	159.103	262	590	
2	2.1	1	11	3	3	24	11536	21	10094	0.00214191	7.54999e-05	0.0020534	0.00225109	480.667	158.439	262	590	
2	2.1	1	16	14	3	3	1442	6	2884	0.00301204	0.000240045	0.00284297	0.00341318	480.667	169.378	262	590	
2	2.1	1	18	4	3	45	21630	45	21630	0.00224653	0.000258556	0.00201197	0.00293538	480.667	156.368	262	590	
2	2.1	1	19	9	3	3	1442	6	2884	0.00260232	0.000377407	0.00225776	0.00294688	480.667	169.378	262	590	
2.1	2.2	1	8	1	3	3	1442	3	1442	0.00615457	0.00509917	0.00296411	0.0120355	480.667	189.371	262	590	
2.1	2.2	1	10	16	3	42	20188	45	21630	0.00265879	0.000315032	0.00207974	0.00369638	480.667	156.368	262	590	
2.1	2.2	1	11	3	3	21	10094	21	10094	0.00235402	0.000328135	0.00205888	0.00290681	480.667	158.439	262	590	
2.1	2.2	1	15	2	3	21	10094	21	10094	0.0023721	0.000289122	0.0021493	0.00284152	480.667	158.439	262	590	
2.1	2.2	1	16	14	3	3	1442	3	1442	0.00318346	0.000463913	0.00291559	0.00371914	480.667	189.371	262	590	
2.1	2.2	1	18	4	3	45	21630	42	20188	0.00233911	0.000320751	0.00209101	0.00303109	480.667	156.495	262	590	
2.2	2.3	1	8	1	3	6	2884	6	2884	0.00298078	6.70311e-05	0.00293077	0.00309027	480.667	169.378	262	590	
2.2	2.3	1	10	16	3	45	21630	39	18746	0.00320981	0.00123635	0.00210307	0.00983518	480.667	156.642	262	590	
2.2	2.3	1	11	3	3	21	10094	21	10094	0.00254174	0.00041399	0.00211912	0.00302253	480.667	158.439	262	590	
2.2	2.3	1	15	2	3	21	10094	21	10094	0.00253003	0.000368091	0.00209383	0.00330385	480.667	158.439	262	590	
2.2	2.3	1	16	14	3	3	1442	3	1442	0.00280968	3.83014e-08	0.00280964	0.00280971	480.667	189.371	262	590	
2.2	2.3	1	18	4	3	42	20188	45	21630	0.00230533	0.000278479	0.00201767	0.00284441	480.667	156.368	262	590	
2.3	2.4	1	7	17	3	21	10094	12	5768	0.00584498	0.00324348	0.00276541	0.012862	480.667	161.496	262	590	
2.3	2.4	1	8	1	3	3	1442	3	1442	0.00333076	0.00038187	0.0029141	0.00366408	480.667	189.371	262	590	
2.3	2.4	1	10	16	3	30	14420	32	15272	0.0506292	0.022952	0.0030864	0.0845098	477.25	158.279	262	590	
2.3	2.4	1	11	3	3	24	11536	21	10094	0.00229664	0.000252646	0.00204888	0.00287348	480.667	158.439	262	590	
2.3	2.4	1	14	18	3	27	12978	0	0	0	0	0	0	0	0	0	0	
2.3	2.4	1	15	2	3	21	10094	13	6358	0.00262195	0.000434229	0.0019805	0.00319052	489.077	157.566	262	590	
2.3	2.4	1	18	4	3	45	21630	45	21630	0.00237676	0.000316479	0.00207767	0.00304107	480.667	156.368	262	590	
2.4	2.5	1	7	17	3	21	10094	29	14158	0.023324	0.0224386	0.00328874	0.0670555	488.207	154.43	262	590	
2.4	2.5	1	11	3	3	21	10094	21	10094	0.00240161	0.000314945	0.00210793	0.00293563	480.667	158.439	262	590	
2.4	2.5	1	14	18	3	90	44988	80	40400	0.0191071	0.0205722	0.00258934	0.0697965	505	142.424	262	590	
2.4	2.5	1	15	2	3	24	11536	24	11536	0.00246223	0.000400551	0.00208145	0.00332219	480.667	157.946	262	590	
2.4	2.5	1	16	14	3	3	1442	3	1442	0.00360802	0.00048457	0.00304849	0.0038878	480.667	189.371	262	590	
2.4	2.5	1	18	4	3	45	21630	42	20188	0.00248235	0.000353994	0.002061	0.00296773	480.667	156.495	262	590	
2.5	2.6	1	7	17	3	24	11536	21	10094	0.00830536	0.00326862	0.00471541	0.0157554	480.667	158.439	262	590	
2.5	2.6	1	11	3	3	21	10094	21	10094	0.00225175	0.000247157	0.00205555	0.00282777	480.667	158.439	262	590	
2.5	2.6	1	14	18	3	45	21630	51	24514	0.00866494	0.00583444	0.00332842	0.0302632	480.667	156.159	262	590	
2.5	2.6	1	15	2	3	21	10094	21	10094	0.00236932	0.000319549	0.00206598	0.00287272	480.667	158.439	262	590	
2.5	2.6	1	16	14	3	3	1442	3	1442	0.003014	3.83014e-08	0.00301396	0.00301404	480.667	189.371	262	590	
2.5	2.6	1	18	4	3	42	20188	45	21630	0.00230937	0.000310641	0.0020298	0.00293321	480.667	156.368	262	590	
2.6	2.7	1	7	17	3	21	10094	25	11798	0.0064161	0.00372183	0.00308542	0.0158521	471.92	160.687	262	590	
2.6	2.7	1	11	3	3	24	11536	21	10094	0.00215291	7.8112e-05	0.00203889	0.0022723	480.667	158.439	262	590	
2.6	2.7	1	14	18	3	15	7210	18	8652	0.00619448	0.00181131	0.00396413	0.00930649	480.667	159.103	262	590	
2.6	2.7	1	15	2	3	21	10094	21	10094	0.00253408	0.000391101	0.00210717	0.00303153	480.667	158.439	262	590	
2.6	2.7	1	16	14	3	6	2884	6	2884	0.0030128	7.56115e-05	0.00296277	0.00315798	480.667	169.378	262	590	
2.6	2.7	1	18	4	3	21	10094	21	10094	0.00239086	0.000359774	0.00208765	0.00301106	480.667	158.439	262	590	
2.7	2.8	1	7	17	3	21	10094	21	10094	0.00449252	0.00279747	0.00245542	0.0162221	480.667	158.439	262	590	
2.7	2.8	1	11	3	3	21	10094	24	11536	0.00213206	7.35957e-05	0.0020277	0.00223778	480.667	157.946	262	590	
2.7	2.8	1	15	2	3	24	11536	24	11536	0.00253978	0.000352124	0.00213051	0.0031231	480.667	157.946	262	590	
2.7	2.8	1	16	14	3	3	1442	3	1442	0.00302944	8.24488e-05	0.00298182	0.00312465	480.667	189.371	262	590	
2.8	2.9	1	7	17	3	24	11536	21	10094	0.00427633	0.00199214	0.00239875	0.0121487	480.667	158.439	262	590	
2.8	2.9	1	11	3	3	21	10094	21	10094	0.00236312	0.000359485	0.00204675	0.0029723	480.667	158.439	262	590	
2.8	2.9	1	15	2	3	21	10094	21	10094	0.00241011	0.000365396	0.00209718	0.00298273	480.667	158.439	262	590	
2.8	2.9	1	16	14	3	6	2884	6	2884	0.00295387	8.29688e-05	0.00289491	0.00310798	480.667	169.378	262	590	
2.8	2.9	1	18	4	3	18	8652	18	8652	0.00230999	0.000307098	0.00209828	0.00296598	480.667	159.103	262	590	
2.8	2.9	1	20	19	3	6	2884	6	2884	0.00483342	0.000675381	0.00416438	0.00568107	480.667	169.378	262	590	
2.9	3	1	3	13	3	3	1442	3	1442	0.0030268	3.83014e-08	0.00302676	0.00302684	480.667	189.371	262	590	
2.9	3	1	7	17	3	21	10094	21	10094	0.00545385	0.00363211	0.00282542	0.0167897	480.667	158.439	262	590	
2.9	3	1	11	3	3	24	11536	21	10094	0.00272601	0.000396918	0.00208794	0.0030135	480.667	158.439	262	590	
2.9	3	1	15	2	3	21	10094	21	10094	0.00246857	0.000322983	0.00211932	0.00296606	480.667	158.439	262	590	
2.9	3	1	16	14	3	3	1442	3	1442	0.00286043	3.83014e-08	0.00286039	0.00286046	480.667	189.371	262	590	
2.9	3	1	18	4	3	45	21630	42	20188	0.00217129	7.54808e-05	0.00199137	0.00229288	480.667	156.495	262	590	
2.9	3	1	20	19	3	3	1442	3	1442	0.00797508	0.00374702	0.00489771	0.0121477	480.667	189.371	262	590	
3	3.1	1	2	21	3	15	7210	12	5768	0.00585524	0.00197734	0.00361823	0.00913392	480.667	161.496	262	590	
3	3.1	1	3	13	3	21	10094	18	8652	0.00262802	0.000361344	0.00212462	0.00307721	480.667	159.103	262	590	
3	3.1	1	4	10	3	6	2884	6	2884	0.0229348	0.0286572	0.00339668	0.0620919	480.667	169.378	262	590	
3	3.1	1	7	17	3	21	10094	22	10356	0.0039077	0.00192886	0.00269542	0.0122521	470.727	161.496	262	590	
3	3.1	1	15	2	3	24	11536	21	10094	0.00231784	0.000183416	0.00210385	0.00296097	480.667	158.439	262	590	
3	3.1	1	16	14	3	6	2884	6	2884	0.00289494	0.00011813	0.0028092	0.00311155	480.667	169.378	262	590	
3	3.1	1	18	4	3	42	20188	45	21630	0.00246854	0.000335545	0.00210184	0.0029874	480.667	156.368	262	590	
3	3.1	1	19	9	3	21	10094	21	10094	0.00257335	0.000353539	0.00213825	0.00300165	480.667	158.439	262	590	
3	3.1	1	20	19	3	8	3736	5	2294	0.019171	0.0217587	0.00311438	0.043131	458.8	179.653	262	590	
3.1	3.2	1	2	21	3	45	21630	43	20778	0.0042649	0.00169397	0.00209727	0.00983058	483.209	155.517	262	590	
3.1	3.2	1	3	13	3	24	11536	27	12978	0.00356829	0.00339747	0.00210796	0.0129714	480.667	157.566	262	590	
3.1	3.2	1	4	10	3	3	1442	3	1442	0.0031955	0.000113378	0.00313001	0.00332641	480.667	189.371	262	590	
3.1	3.2	1	7	17	3	24	11536	21	10094	0.0050093	0.00372324	0.00235424	0.0159121	480.667	158.439	262	590	
3.1	3.2	1	15	2	3	21	10094	22	10356	0.00233836	0.000208135	0.00208718	0.0031543	470.727	161.496	262	590	
3.1	3.2	1	16	14	3	3	1442	3	1442	0.0331319	3.83014e-08	0.0331318	0.0331319	480.667	189.371	262	590	
3.1	3.2	1	18	4	3	45	21630	45	21630	0.00253719	0.000375867	0.00204946	0.00307686	480.667	156.368	262	590	
3.1	3.2	1	19	9	3	21	10094	21	10094	0.00253743	0.000337343	0.00212158	0.00300713	480.667	158.439	262	590	
3.1	3.2	1	20	19	3	5	2622	5	2622	0.0167479	0.0144669	0.00254414	0.0320977	524.4	146.686	262	590	
3.2	3.3	1	2	21	3	3	1442	8	3736	0.011324	0.00512334	0.0043508	0.018004	467	169.756	262	590	
3.2	3.3	1	3	13	3	21	10094	21	10094	0.00257943	0.000311983	0.00213129	0.00306722	480.667	158.439	262	590	
3.2	3.3	1	4	10	3	6	2884	6	2884	0.00467943	0.00368588	0.00284668	0.0121133	480.667	169.378	262	590	
3.2	3.3	1	7	17	3	21	10094	24	11536	0.00348612	0.000782394	0.00211091	0.00538064	480.667	157.946	262	590	
3.2	3.3	1	15	2	3	21	10094	21	10094	0.0023699	0.000339855	0.00211052	0.00316097	480.667	158.439	262	590	
3.2	3.3	1	16	14	3	6	2884	6	2884	0.00257706	0.000349169	0.00211515	0.0029556	480.667	169.378	262	590	
3.2	3.3	1	18	4	3	45	21630	42	20188	0.00257684	0.000947044	0.0020885	0.00829538	480.667	156.495	262	590	
3.2	3.3	1	19	9	3	21	10094	21	10094	0.00269452	0.000366263	0.00210492	0.00332351	480.667	158.439	262	590	
3.2	3.3	1	20	19	3	6	2884	5	2622	0.00337437	0.000769797	0.00258104	0.00431438	524.4	146.686	262	590	
3.3	3.4	1	3	13	3	21	10094	21	10094	0.00250184	0.000367563	0.00209796	0.00322174	480.667	158.439	262	590	
3.3	3.4	1	4	10	3	6	2884	3	1442	0.00362764	8.24488e-05	0.00358001	0.00372284	480.667	189.371	262	590	
3.3	3.4	1	7	17	3	21	10094	13	6358	0.00511018	0.00366649	0.00266877	0.0133221	489.077	157.566	262	590	
3.3	3.4	1	15	2	3	24	11536	21	10094	0.00243262	0.000360102	0.00209385	0.00323793	480.667	158.439	262	590	
3.3	3.4	1	16	14	3	3	1442	3	1442	0.00315325	0.000123688	0.00308181	0.00329607	480.667	189.371	262	590	
3.3	3.4	1	18	4	3	42	20188	45	21630	0.00243844	0.00028333	0.00209183	0.00303609	480.667	156.368	262	590	
3.3	3.4	1	19	9	3	21	10094	24	11536	0.00230231	0.000288111	0.00204016	0.00293499	480.667	157.946	262	590	
3.3	3.4	1	20	19	3	3	1442	4	1704	0.00865009	0.00537982	0.00399414	0.0135477	426	189.371	262	590	
3.4	3.5	1	3	13	3	24	11536	24	11536	0.00246155	0.000351182	0.0021213	0.00305603	480.667	157.946	262	590	
3.4	3.5	1	4	10	3	6	2884	6	2884	0.00348656	0.000446107	0.00304668	0.00402765	480.667	169.378	262	590	
3.4	3.5	1	7	17	3	21	10094	29	13830	0.0200271	0.0222718	0.00213544	0.0676121	476.897	158.662	262	590	
3.4	3.5	1	11	3	3	15	7210	15	7210	0.00242445	0.000312393	0.00212822	0.00280258	480.667	160.048	262	590	
3.4	3.5	1	15	2	3	21	10094	21	10094	0.00269064	0.000345961	0.00211719	0.00320341	480.667	158.439	262	590	
3.4	3.5	1	16	14	3	6	2884	5	2622	0.0031085	0.000115807	0.00304848	0.00331512	524.4	146.686	262	590	
3.4	3.5	1	18	4	3	45	21630	42	20188	0.00232587	0.000265246	0.00198802	0.00302804	480.667	156.495	262	590	
3.4	3.5	1	19	9	3	21	10094	21	10094	0.00227126	0.000269606	0.00204135	0.0028869	480.667	158.439	262	590	
3.4	3.5	1	20	19	3	6	2884	6	2884	0.00351972	0.0011115	0.00228104	0.00476435	480.667	169.378	262	590	
