% start	end	CellId	IMSI	RNTI	LCID	nTxPDUs	TxBytes	nRxPDUs	RxBytes	delay	stdDev	min	max	PduSize	stdDev	min	max
0.1	0.2	8	1	1	3	12	34	12	34	0	0	0	0	2.83333	1.02986	2	4	
0.1	0.2	3	2	1	3	5	128	4	126	0.000418749	0.000279293	0	0.000564284	31.5	28.5715	2	62	
0.1	0.2	7	3	1	3	6	134	8	190	0.000301339	0.000255949	0	0.000564284	23.75	11.5851	2	36	
0.1	0.2	2	4	1	3	6	134	8	213	0.000381696	0.000401588	0	0.00118928	26.625	20.4516	2	58	
0.1	0.2	1	5	2	3	13	38	12	36	0	0	0	0	3	1.04447	2	4	
0.1	0.2	2	6	2	3	6	134	8	204	0.00029241	0.000248012	0	0.000564284	25.5	21.5274	2	58	
0.1	0.2	2	7	3	3	6	134	8	204	0.000285714	0.000240981	0	0.00052857	25.5	21.5274	2	58	
0.1	0.2	4	8	1	3	3	122	4	180	0.000460714	0.000613807	0	0.00129643	45	28.7286	2	62	
0.1	0.2	1	9	1	3	13	36	12	34	0	0	0	0	2.83333	1.02986	2	4	
0.1	0.2	2	10	4	3	6	134	8	204	0.000303571	0.000257928	0	0.000564284	25.5	21.5274	2	58	
0.1	0.2	6	11	1	3	4	126	6	201	0.00021369	0.000236345	0	0.000457142	33.5	24.4029	2	58	
0.1	0.2	6	12	2	3	4	126	6	201	0.00025238	0.000284054	0	0.000564284	33.5	24.4029	2	58	
0.1	0.2	2	13	5	3	12	24	12	24	0	0	0	0	2	0	2	2	
0.1	0.2	7	14	2	3	5	130	8	222	0.000335714	0.000439669	0	0.00124286	27.75	19.1889	2	58	
0.1	0.2	7	15	3	3	5	130	7	218	0.000406632	0.000477772	0	0.00131428	31.1429	21.3809	2	58	
0.1	0.2	5	16	2	3	3	122	3	122	0.000370237	0.000320759	0	0.000564284	40.6667	33.546	2	62	
0.1	0.2	3	17	3	3	12	36	11	32	0	0	0	0	2.90909	1.04447	2	4	
0.1	0.2	8	18	2	3	4	126	6	201	0.000371428	0.000513332	0	0.00131428	33.5	24.4029	2	58	
0.1	0.2	8	19	3	3	4	126	6	201	0.000282142	0.000309071	0	0.000564284	33.5	24.4029	2	58	
0.1	0.2	1	20	19	3	6	134	7	146	0.000341836	0.000242758	0	0.000564284	20.8571	18.4249	2	58	
0.1	0.2	1	21	4	3	13	34	12	32	0	0	0	0	2.66667	0.984732	2	4	
0.2	0.3	8	1	1	3	28	86	27	82	0	0	0	0	3.03704	1.01835	2	4	
0.2	0.3	3	2	1	3	5	128	4	126	0.000418749	0.000279293	0	0.000564284	31.5	28.5715	2	62	
0.2	0.3	7	3	1	3	6	134	8	190	0.000301339	0.000255949	0	0.000564284	23.75	11.5851	2	36	
0.2	0.3	2	4	1	3	6	134	8	213	0.000381696	0.000401588	0	0.00118928	26.625	20.4516	2	58	
0.2	0.3	3	5	2	3	28	88	28	88	0	0	0	0	3.14286	1.00791	2	4	
0.2	0.3	2	6	2	3	6	134	8	204	0.00029241	0.000248012	0	0.000564284	25.5	21.5274	2	58	
0.2	0.3	2	7	3	3	6	134	8	204	0.000285714	0.000240981	0	0.00052857	25.5	21.5274	2	58	
0.2	0.3	4	8	1	3	3	122	4	180	0.000460714	0.000613807	0	0.00129643	45	28.7286	2	62	
0.2	0.3	1	9	1	3	27	74	27	74	0	0	0	0	2.74074	0.984206	2	4	
0.2	0.3	2	10	4	3	6	134	8	204	0.000303571	0.000257928	0	0.000564284	25.5	21.5274	2	58	
0.2	0.3	6	11	1	3	4	126	6	201	0.00021369	0.000236345	0	0.000457142	33.5	24.4029	2	58	
0.2	0.3	6	12	2	3	4	126	6	201	0.00025238	0.000284054	0	0.000564284	33.5	24.4029	2	58	
0.2	0.3	1	13	5	3	27	54	27	54	0	0	0	0	2	0	2	2	
0.2	0.3	7	14	2	3	5	130	8	222	0.000335714	0.000439669	0	0.00124286	27.75	19.1889	2	58	
0.2	0.3	7	15	3	3	5	130	7	218	0.000406632	0.000477772	0	0.00131428	31.1429	21.3809	2	58	
0.2	0.3	5	16	2	3	3	122	3	122	0.000370237	0.000320759	0	0.000564284	40.6667	33.546	2	62	
0.2	0.3	1	17	3	3	28	88	26	80	0	0	0	0	3.07692	1.01678	2	4	
0.2	0.3	8	18	2	3	51	19054	54	18648	0.000475263	0.000310466	0	0.00131428	345.333	224.895	2	990	
0.2	0.3	8	19	3	3	4	126	6	201	0.000282142	0.000309071	0	0.000564284	33.5	24.4029	2	58	
0.2	0.3	1	20	19	3	6	134	7	146	0.000341836	0.000242758	0	0.000564284	20.8571	18.4249	2	58	
0.2	0.3	7	21	4	3	28	76	27	72	0	0	0	0	2.66667	0.960769	2	4	
0.3	0.4	1	1	15	3	38	116	38	116	0	0	0	0	3.05263	1.01202	2	4	
0.3	0.4	3	2	1	3	5	128	4	126	0.000418749	0.000279293	0	0.000564284	31.5	28.5715	2	62	
0.3	0.4	7	3	1	3	6	134	8	190	0.000301339	0.000255949	0	0.000564284	23.75	11.5851	2	36	
0.3	0.4	1	4	10	3	12	1599	16	1822	0.000377678	0.000420172	0	0.00129643	113.875	309.214	2	1268	
0.3	0.4	1	5	2	3	42	134	42	134	0	0	0	0	3.19048	0.993592	2	4	
0.3	0.4	2	6	2	3	6	134	8	204	0.00029241	0.000248012	0	0.000564284	25.5	21.5274	2	58	
0.3	0.4	2	7	3	3	6	134	8	204	0.000285714	0.000240981	0	0.00052857	25.5	21.5274	2	58	
0.3	0.4	4	8	1	3	3	122	4	180	0.000460714	0.000613807	0	0.00129643	45	28.7286	2	62	
0.3	0.4	1	9	1	3	41	102	40	100	0	0	0	0	2.5	0.877058	2	4	
0.3	0.4	2	10	4	3	6	134	8	204	0.000303571	0.000257928	0	0.000564284	25.5	21.5274	2	58	
0.3	0.4	6	11	1	3	4	126	6	201	0.00021369	0.000236345	0	0.000457142	33.5	24.4029	2	58	
0.3	0.4	6	12	2	3	4	126	6	201	0.00025238	0.000284054	0	0.000564284	33.5	24.4029	2	58	
0.3	0.4	1	13	5	3	41	82	41	82	0	0	0	0	2	0	2	2	
0.3	0.4	7	14	2	3	5	130	8	222	0.000335714	0.000439669	0	0.00124286	27.75	19.1889	2	58	
0.3	0.4	7	15	3	3	5	130	7	218	0.000406632	0.000477772	0	0.00131428	31.1429	21.3809	2	58	
0.3	0.4	5	16	2	3	3	122	3	122	0.000370237	0.000320759	0	0.000564284	40.6667	33.546	2	62	
0.3	0.4	1	17	5	3	39	122	36	112	0	0	0	0	3.11111	1.00791	2	4	
0.3	0.4	8	18	2	3	106	39500	110	39585	0.000538278	0.000364729	0	0.00156428	359.864	233.084	2	990	
0.3	0.4	8	19	3	3	4	126	6	201	0.000282142	0.000309071	0	0.000564284	33.5	24.4029	2	58	
0.3	0.4	1	20	19	3	6	134	7	146	0.000341836	0.000242758	0	0.000564284	20.8571	18.4249	2	58	
0.3	0.4	7	21	4	3	42	118	41	114	0	0	0	0	2.78049	0.98773	2	4	
0.4	0.5	8	1	15	3	46	140	45	136	0	0	0	0	3.02222	1.01105	2	4	
0.4	0.5	3	2	1	3	112	16870	108	16515	0.000636308	0.000346289	0	0.00201071	152.917	98.9382	2	380	
0.4	0.5	7	3	1	3	6	134	8	190	0.000301339	0.000255949	0	0.000564284	23.75	11.5851	2	36	
0.4	0.5	1	4	10	3	12	1599	16	1822	0.000377678	0.000420172	0	0.00129643	113.875	309.214	2	1268	
0.4	0.5	3	5	2	3	55	178	55	178	0	0	0	0	3.23636	0.98062	2	4	
0.4	0.5	2	6	2	3	6	134	8	204	0.00029241	0.000248012	0	0.000564284	25.5	21.5274	2	58	
0.4	0.5	2	7	3	3	6	134	8	204	0.000285714	0.000240981	0	0.00052857	25.5	21.5274	2	58	
0.4	0.5	4	8	1	3	3	122	4	180	0.000460714	0.000613807	0	0.00129643	45	28.7286	2	62	
0.4	0.5	5	9	1	3	55	142	52	136	0	0	0	0	2.61538	0.932083	2	4	
0.4	0.5	2	10	4	3	6	134	8	204	0.000303571	0.000257928	0	0.000564284	25.5	21.5274	2	58	
0.4	0.5	6	11	1	3	4	126	6	201	0.00021369	0.000236345	0	0.000457142	33.5	24.4029	2	58	
0.4	0.5	6	12	2	3	4	126	6	201	0.00025238	0.000284054	0	0.000564284	33.5	24.4029	2	58	
0.4	0.5	2	13	5	3	54	108	54	108	0	0	0	0	2	0	2	2	
0.4	0.5	7	14	2	3	81	5914	82	5880	0.000586845	0.000234054	0	0.00131428	71.7073	22.625	2	153	
0.4	0.5	7	15	3	3	5	130	7	218	0.000406632	0.000477772	0	0.00131428	31.1429	21.3809	2	58	
0.4	0.5	5	16	2	3	3	122	3	122	0.000370237	0.000320759	0	0.000564284	40.6667	33.546	2	62	
0.4	0.5	1	17	5	3	48	150	46	142	0	0	0	0	3.08696	1.00722	2	4	
0.4	0.5	1	18	4	3	154	61356	157	61439	0.000547815	0.00038819	0	0.00181428	391.331	293.25	2	1226	
0.4	0.5	8	19	3	3	4	126	6	201	0.000282142	0.000309071	0	0.000564284	33.5	24.4029	2	58	
0.4	0.5	1	20	19	3	6	134	7	146	0.000341836	0.000242758	0	0.000564284	20.8571	18.4249	2	58	
0.4	0.5	1	21	4	3	56	160	54	154	0	0	0	0	2.85185	0.998251	2	4	
0.5	0.6	1	1	15	3	55	166	54	162	0	0	0	0	3	1.00939	2	4	
0.5	0.6	3	2	1	3	259	39695	259	39559	0.000658796	0.00035825	0	0.00201071	152.737	84.5624	2	380	
0.5	0.6	7	3	1	3	6	134	8	190	0.000301339	0.000255949	0	0.000564284	23.75	11.5851	2	36	
0.5	0.6	1	4	10	3	12	1599	16	1822	0.000377678	0.000420172	0	0.00129643	113.875	309.214	2	1268	
0.5	0.6	3	5	12	3	62	198	62	198	0	0	0	0	3.19355	0.9891	2	4	
0.5	0.6	2	6	2	3	6	134	8	204	0.00029241	0.000248012	0	0.000564284	25.5	21.5274	2	58	
0.5	0.6	2	7	3	3	6	134	8	204	0.000285714	0.000240981	0	0.00052857	25.5	21.5274	2	58	
0.5	0.6	4	8	1	3	3	122	4	180	0.000460714	0.000613807	0	0.00129643	45	28.7286	2	62	
0.5	0.6	1	9	1	3	67	172	65	168	0	0	0	0	2.58462	0.916725	2	4	
0.5	0.6	2	10	4	3	6	134	8	204	0.000303571	0.000257928	0	0.000564284	25.5	21.5274	2	58	
0.5	0.6	6	11	1	3	4	126	6	201	0.00021369	0.000236345	0	0.000457142	33.5	24.4029	2	58	
0.5	0.6	6	12	2	3	4	126	6	201	0.00025238	0.000284054	0	0.000564284	33.5	24.4029	2	58	
0.5	0.6	1	13	5	3	68	136	68	136	0	0	0	0	2	0	2	2	
0.5	0.6	8	14	18	3	221	32155	223	32245	0.000587234	0.000275826	0	0.00224286	144.596	131.568	2	774	
0.5	0.6	7	15	3	3	5	130	7	218	0.000406632	0.000477772	0	0.00131428	31.1429	21.3809	2	58	
0.5	0.6	5	16	2	3	3	122	3	122	0.000370237	0.000320759	0	0.000564284	40.6667	33.546	2	62	
0.5	0.6	1	17	3	3	63	194	60	182	0	0	0	0	3.03333	1.00788	2	4	
0.5	0.6	8	18	4	3	201	83213	205	83302	0.000539946	0.000385208	0	0.00181428	406.351	316.663	2	1226	
0.5	0.6	8	19	3	3	4	126	6	201	0.000282142	0.000309071	0	0.000564284	33.5	24.4029	2	58	
0.5	0.6	1	20	19	3	6	134	7	146	0.000341836	0.000242758	0	0.000564284	20.8571	18.4249	2	58	
0.5	0.6	1	21	4	3	69	204	67	198	0	0	0	0	2.95522	1.00654	2	4	
0.6	0.7	1	1	15	3	66	202	65	198	0	0	0	0	3.04615	1.00671	2	4	
0.6	0.7	3	2	21	3	403	60914	406	60985	0.00065386	0.000352438	0	0.00201071	150.209	84.4432	2	380	
0.6	0.7	7	3	1	3	6	134	8	190	0.000301339	0.000255949	0	0.000564284	23.75	11.5851	2	36	
0.6	0.7	1	4	10	3	12	1599	16	1822	0.000377678	0.000420172	0	0.00129643	113.875	309.214	2	1268	
0.6	0.7	3	5	2	3	73	230	71	224	0	0	0	0	3.15493	0.994957	2	4	
0.6	0.7	2	6	2	3	6	134	8	204	0.00029241	0.000248012	0	0.000564284	25.5	21.5274	2	58	
0.6	0.7	2	7	3	3	6	134	8	204	0.000285714	0.000240981	0	0.00052857	25.5	21.5274	2	58	
0.6	0.7	4	8	1	3	3	122	4	180	0.000460714	0.000613807	0	0.00129643	45	28.7286	2	62	
0.6	0.7	5	9	1	3	80	202	79	200	0	0	0	0	2.53165	0.889186	2	4	
0.6	0.7	2	10	4	3	6	134	8	204	0.000303571	0.000257928	0	0.000564284	25.5	21.5274	2	58	
0.6	0.7	6	11	1	3	4	126	6	201	0.00021369	0.000236345	0	0.000457142	33.5	24.4029	2	58	
0.6	0.7	6	12	2	3	4	126	6	201	0.00025238	0.000284054	0	0.000564284	33.5	24.4029	2	58	
0.6	0.7	2	13	5	3	82	164	81	162	0	0	0	0	2	0	2	2	
0.6	0.7	8	14	5	3	328	49195	334	48981	0.000572614	0.000293782	0	0.00224286	146.65	119.185	2	774	
0.6	0.7	7	15	3	3	5	130	7	218	0.000406632	0.000477772	0	0.00131428	31.1429	21.3809	2	58	
0.6	0.7	5	16	2	3	3	122	3	122	0.000370237	0.000320759	0	0.000564284	40.6667	33.546	2	62	
0.6	0.7	1	17	3	3	77	240	74	230	0	0	0	0	3.10811	1.00093	2	4	
0.6	0.7	8	18	2	3	247	103617	252	103708	0.000523326	0.000373795	0	0.00181428	411.54	328.111	2	1281	
0.6	0.7	8	19	3	3	4	126	6	201	0.000282142	0.000309071	0	0.000564284	33.5	24.4029	2	58	
0.6	0.7	1	20	19	3	6	134	7	146	0.000341836	0.000242758	0	0.000564284	20.8571	18.4249	2	58	
0.6	0.7	7	21	4	3	83	252	81	244	0	0	0	0	3.01235	1.00615	2	4	
0.7	0.8	1	1	15	3	75	228	73	222	0	0	0	0	3.0411	1.00607	2	4	
0.7	0.8	3	2	1	3	549	83175	552	83246	0.000641018	0.000337633	0	0.00201071	150.808	79.6254	2	380	
0.7	0.8	7	3	1	3	6	134	8	190	0.000301339	0.000255949	0	0.000564284	23.75	11.5851	2	36	
0.7	0.8	2	4	1	3	18	3067	24	3425	0.000369344	0.00037582	0	0.00129643	142.708	305.673	2	1268	
0.7	0.8	1	5	2	3	86	272	84	266	0	0	0	0	3.16667	0.991935	2	4	
0.7	0.8	2	6	2	3	6	134	8	204	0.00029241	0.000248012	0	0.000564284	25.5	21.5274	2	58	
0.7	0.8	2	7	3	3	11	3044	13	3114	0.000390109	0.000229893	0	0.000564284	239.538	487.83	2	1449	
0.7	0.8	4	8	1	3	3	122	4	180	0.000460714	0.000613807	0	0.00129643	45	28.7286	2	62	
0.7	0.8	5	9	1	3	94	236	93	234	0	0	0	0	2.51613	0.879883	2	4	
0.7	0.8	2	10	4	3	6	134	8	204	0.000303571	0.000257928	0	0.000564284	25.5	21.5274	2	58	
0.7	0.8	6	11	1	3	4	126	6	201	0.00021369	0.000236345	0	0.000457142	33.5	24.4029	2	58	
0.7	0.8	6	12	2	3	4	126	6	201	0.00025238	0.000284054	0	0.000564284	33.5	24.4029	2	58	
0.7	0.8	1	13	5	3	95	190	94	188	0	0	0	0	2	0	2	2	
0.7	0.8	8	14	5	3	481	74989	488	74973	0.00057614	0.000275169	0	0.00224286	153.633	111.976	2	774	
0.7	0.8	7	15	3	3	5	130	7	218	0.000406632	0.000477772	0	0.00131428	31.1429	21.3809	2	58	
0.7	0.8	5	16	2	3	3	122	3	122	0.000370237	0.000320759	0	0.000564284	40.6667	33.546	2	62	
0.7	0.8	3	17	5	3	87	272	85	264	0	0	0	0	3.10588	1.00028	2	4	
0.7	0.8	8	18	2	3	298	125486	303	125577	0.000518339	0.000370446	0	0.00181428	414.446	329.007	2	1281	
0.7	0.8	8	19	3	3	4	126	6	201	0.000282142	0.000309071	0	0.000564284	33.5	24.4029	2	58	
0.7	0.8	1	20	19	3	6	134	7	146	0.000341836	0.000242758	0	0.000564284	20.8571	18.4249	2	58	
0.7	0.8	1	21	8	3	91	274	90	270	0	0	0	0	3	1.0056	2	4	
0.8	0.9	1	1	15	3	83	252	82	248	0	0	0	0	3.02439	1.00585	2	4	
0.8	0.9	1	2	1	3	644	103844	647	103915	0.000647426	0.000348331	0	0.00201071	160.611	90.0178	2	584	
0.8	0.9	7	3	1	3	6	134	8	190	0.000301339	0.000255949	0	0.000564284	23.75	11.5851	2	36	
0.8	0.9	2	4	1	3	18	3067	24	3425	0.000369344	0.00037582	0	0.00129643	142.708	305.673	2	1268	
0.8	0.9	3	5	2	3	99	316	98	312	0	0	0	0	3.18367	0.988041	2	4	
0.8	0.9	2	6	2	3	6	134	8	204	0.00029241	0.000248012	0	0.000564284	25.5	21.5274	2	58	
0.8	0.9	2	7	3	3	35	14686	37	14756	0.000450096	0.000382393	0	0.00131428	398.811	557.944	2	1449	
0.8	0.9	4	8	1	3	3	122	4	180	0.000460714	0.000613807	0	0.00129643	45	28.7286	2	62	
0.8	0.9	1	9	1	3	107	264	106	262	0	0	0	0	2.4717	0.85309	2	4	
0.8	0.9	2	10	4	3	6	134	8	204	0.000303571	0.000257928	0	0.000564284	25.5	21.5274	2	58	
0.8	0.9	6	11	1	3	4	126	6	201	0.00021369	0.000236345	0	0.000457142	33.5	24.4029	2	58	
0.8	0.9	6	12	2	3	4	126	6	201	0.00025238	0.000284054	0	0.000564284	33.5	24.4029	2	58	
0.8	0.9	2	13	5	3	108	216	108	216	0	0	0	0	2	0	2	2	
0.8	0.9	8	14	5	3	579	97184	587	97296	0.000571372	0.000275068	0	0.00224286	165.751	118.648	2	774	
0.8	0.9	7	15	3	3	5	130	7	218	0.000406632	0.000477772	0	0.00131428	31.1429	21.3809	2	58	
0.8	0.9	5	16	2	3	3	122	3	122	0.000370237	0.000320759	0	0.000564284	40.6667	33.546	2	62	
0.8	0.9	3	17	3	3	97	302	95	294	0	0	0	0	3.09474	1.00078	2	4	
0.8	0.9	8	18	2	3	346	147341	351	147432	0.000502583	0.000358925	0	0.00181428	420.034	340.3	2	1449	
0.8	0.9	8	19	3	3	4	126	6	201	0.000282142	0.000309071	0	0.000564284	33.5	24.4029	2	58	
0.8	0.9	1	20	19	3	6	134	7	146	0.000341836	0.000242758	0	0.000564284	20.8571	18.4249	2	58	
0.8	0.9	7	21	8	3	100	302	98	294	0	0	0	0	3	1.00514	2	4	
0.9	1	1	1	9	3	95	286	93	278	0	0	0	0	2.98925	1.00536	2	4	
0.9	1	1	2	21	3	648	103852	650	103921	0.000644438	0.000350288	0	0.00201071	159.878	90.4516	2	584	
0.9	1	7	3	1	3	6	134	8	190	0.000301339	0.000255949	0	0.000564284	23.75	11.5851	2	36	
0.9	1	1	4	10	3	19	3069	25	3427	0.000354571	0.000375249	0	0.00129643	137.08	300.557	2	1268	
0.9	1	1	5	12	3	109	346	107	338	0	0	0	0	3.15888	0.991944	2	4	
0.9	1	2	6	2	3	6	134	8	204	0.00029241	0.000248012	0	0.000564284	25.5	21.5274	2	58	
0.9	1	2	7	3	3	58	24887	59	24502	0.000489769	0.000413855	0	0.00131428	415.288	504.346	2	1449	
0.9	1	4	8	1	3	3	122	4	180	0.000460714	0.000613807	0	0.00129643	45	28.7286	2	62	
0.9	1	5	9	1	3	120	292	119	290	0	0	0	0	2.43697	0.829934	2	4	
0.9	1	2	10	4	3	6	134	8	204	0.000303571	0.000257928	0	0.000564284	25.5	21.5274	2	58	
0.9	1	6	11	1	3	4	126	6	201	0.00021369	0.000236345	0	0.000457142	33.5	24.4029	2	58	
0.9	1	6	12	2	3	4	126	6	201	0.00025238	0.000284054	0	0.000564284	33.5	24.4029	2	58	
0.9	1	2	13	5	3	121	242	121	242	0	0	0	0	2	0	2	2	
0.9	1	8	14	5	3	720	118312	728	118094	0.000570313	0.000276769	0	0.00224286	162.217	113.185	2	774	
0.9	1	7	15	3	3	5	130	7	218	0.000406632	0.000477772	0	0.00131428	31.1429	21.3809	2	58	
0.9	1	5	16	2	3	3	122	3	122	0.000370237	0.000320759	0	0.000564284	40.6667	33.546	2	62	
0.9	1	1	17	3	3	110	344	106	328	0	0	0	0	3.09434	1.00027	2	4	
0.9	1	1	18	2	3	389	167732	393	167821	0.000494455	0.000351846	0	0.00181428	427.025	354.538	2	1449	
0.9	1	8	19	3	3	23	8863	25	8938	0.000362999	0.000255441	0	0.000564284	357.52	512.911	2	1449	
0.9	1	1	20	19	3	6	134	7	146	0.000341836	0.000242758	0	0.000564284	20.8571	18.4249	2	58	
0.9	1	7	21	4	3	112	340	110	332	0	0	0	0	3.01818	1.00441	2	4	
1	1.1	1	1	9	3	109	332	106	322	0	0	0	0	3.03774	1.00403	2	4	
1	1.1	1	2	21	3	648	103852	650	103921	0.000644438	0.000350288	0	0.00201071	159.878	90.4516	2	584	
1	1.1	7	3	1	3	6	134	8	190	0.000301339	0.000255949	0	0.000564284	23.75	11.5851	2	36	
1	1.1	1	4	10	3	19	3069	25	3427	0.000354571	0.000375249	0	0.00129643	137.08	300.557	2	1268	
1	1.1	1	5	12	3	119	376	115	362	0	0	0	0	3.14783	0.993342	2	4	
1	1.1	2	6	2	3	6	134	8	204	0.00029241	0.000248012	0	0.000564284	25.5	21.5274	2	58	
1	1.1	2	7	17	3	112	35205	115	35281	0.000510496	0.000390739	0	0.00131428	306.791	391.426	2	1449	
1	1.1	4	8	1	3	3	122	4	180	0.000460714	0.000613807	0	0.00129643	45	28.7286	2	62	
1	1.1	1	9	1	3	132	316	131	314	0	0	0	0	2.39695	0.800763	2	4	
1	1.1	2	10	4	3	6	134	8	204	0.000303571	0.000257928	0	0.000564284	25.5	21.5274	2	58	
1	1.1	6	11	1	3	4	126	6	201	0.00021369	0.000236345	0	0.000457142	33.5	24.4029	2	58	
1	1.1	6	12	2	3	4	126	6	201	0.00025238	0.000284054	0	0.000564284	33.5	24.4029	2	58	
1	1.1	1	13	5	3	134	268	134	268	0	0	0	0	2	0	2	2	
1	1.1	8	14	5	3	789	139926	798	140042	0.000567019	0.000280337	0	0.00224286	175.491	127.063	2	774	
1	1.1	7	15	3	3	5	130	7	218	0.000406632	0.000477772	0	0.00131428	31.1429	21.3809	2	58	
1	1.1	5	16	2	3	3	122	3	122	0.000370237	0.000320759	0	0.000564284	40.6667	33.546	2	62	
1	1.1	1	17	3	3	120	376	115	356	0	0	0	0	3.09565	0.999771	2	4	
1	1.1	8	18	2	3	417	189499	422	189590	0.000482996	0.000351413	0	0.00181428	449.265	394.999	2	1449	
1	1.1	8	19	3	3	47	20506	49	20581	0.000417783	0.000338171	0	0.00131428	420.02	551.518	2	1449	
1	1.1	1	20	19	3	6	134	7	146	0.000341836	0.000242758	0	0.000564284	20.8571	18.4249	2	58	
1	1.1	1	21	4	3	126	386	123	376	0	0	0	0	3.05691	1.00246	2	4	
1.1	1.2	1	1	9	3	123	378	121	370	0	0	0	0	3.05785	1.00248	2	4	
1.1	1.2	3	2	1	3	650	103856	652	103925	0.000642461	0.000351564	0	0.00201071	159.394	90.7343	2	584	
1.1	1.2	7	3	1	3	6	134	8	190	0.000301339	0.000255949	0	0.000564284	23.75	11.5851	2	36	
1.1	1.2	1	4	10	3	19	3069	25	3427	0.000354571	0.000375249	0	0.00129643	137.08	300.557	2	1268	
1.1	1.2	1	5	2	3	132	416	129	404	0	0	0	0	3.13178	0.995143	2	4	
1.1	1.2	2	6	2	3	24	5988	26	6058	0.000473076	0.000180184	0	0.000564284	233	344.206	2	1432	
1.1	1.2	2	7	3	3	198	46677	214	46817	0.000536164	0.000424311	0	0.00204643	218.771	304.875	2	1449	
1.1	1.2	4	8	1	3	3	122	4	180	0.000460714	0.000613807	0	0.00129643	45	28.7286	2	62	
1.1	1.2	5	9	1	3	145	342	144	340	0	0	0	0	2.36111	0.771984	2	4	
1.1	1.2	2	10	4	3	6	134	8	204	0.000303571	0.000257928	0	0.000564284	25.5	21.5274	2	58	
1.1	1.2	1	11	3	3	20	7412	21	7485	0.000414625	0.000303196	0	0.00131428	356.429	472.682	2	1268	
1.1	1.2	6	12	2	3	4	126	6	201	0.00025238	0.000284054	0	0.000564284	33.5	24.4029	2	58	
1.1	1.2	1	13	5	3	148	296	148	296	0	0	0	0	2	0	2	2	
1.1	1.2	8	14	5	3	858	161870	867	161986	0.000561722	0.000279966	0	0.00224286	186.835	135.863	2	774	
1.1	1.2	7	15	3	3	5	130	7	218	0.000406632	0.000477772	0	0.00131428	31.1429	21.3809	2	58	
1.1	1.2	5	16	4	3	15	4763	15	4763	0.000457856	0.000342573	0	0.00129643	317.533	532.922	2	1449	
1.1	1.2	1	17	3	3	131	410	126	390	0	0	0	0	3.09524	0.999428	2	4	
1.1	1.2	8	18	2	3	449	211279	454	211370	0.000476604	0.000352958	0	0.00181428	465.573	424.226	2	1449	
1.1	1.2	8	19	3	3	62	30667	64	30742	0.000406584	0.000360646	0	0.00131428	480.344	600.845	2	1449	
1.1	1.2	1	20	19	3	6	134	7	146	0.000341836	0.000242758	0	0.000564284	20.8571	18.4249	2	58	
1.1	1.2	7	21	8	3	137	422	135	414	0	0	0	0	3.06667	1.00149	2	4	
1.2	1.3	1	1	15	3	133	408	131	400	0	0	0	0	3.05344	1.0024	2	4	
1.2	1.3	3	2	1	3	650	103856	652	103925	0.000642461	0.000351564	0	0.00201071	159.394	90.7343	2	584	
1.2	1.3	7	3	1	3	6	134	8	190	0.000301339	0.000255949	0	0.000564284	23.75	11.5851	2	36	
1.2	1.3	1	4	10	3	19	3069	25	3427	0.000354571	0.000375249	0	0.00129643	137.08	300.557	2	1268	
1.2	1.3	3	5	2	3	146	464	142	448	0	0	0	0	3.15493	0.991423	2	4	
1.2	1.3	2	6	2	3	83	26450	85	26520	0.000519368	0.000295771	0	0.00131428	312	312.975	2	1432	
1.2	1.3	2	7	3	3	235	55589	256	55820	0.00059453	0.000502663	0	0.002725	218.047	285.996	2	1449	
1.2	1.3	4	8	1	3	3	122	4	180	0.000460714	0.000613807	0	0.00129643	45	28.7286	2	62	
1.2	1.3	1	9	1	3	158	368	156	364	0	0	0	0	2.33333	0.747757	2	4	
1.2	1.3	2	10	4	3	6	134	8	204	0.000303571	0.000257928	0	0.000564284	25.5	21.5274	2	58	
1.2	1.3	6	11	4	3	46	19067	47	19140	0.000416184	0.000322563	0	0.00131428	407.234	442.244	2	1379	
1.2	1.3	6	12	3	3	8	1587	10	1662	0.000368213	0.000260485	0	0.000564284	166.2	347.393	2	1149	
1.2	1.3	1	13	5	3	162	324	162	324	0	0	0	0	2	0	2	2	
1.2	1.3	8	14	5	3	965	182528	973	182627	0.000576797	0.000296743	0	0.00224286	187.695	132.37	2	774	
1.2	1.3	7	15	3	3	5	130	7	218	0.000406632	0.000477772	0	0.00131428	31.1429	21.3809	2	58	
1.2	1.3	1	16	14	3	22	6230	23	6334	0.000394409	0.000332053	0	0.00129643	275.391	481.835	2	1449	
1.2	1.3	1	17	5	3	142	444	137	424	0	0	0	0	3.09489	0.999141	2	4	
1.2	1.3	8	18	2	3	489	231655	494	231746	0.000479691	0.00035563	0	0.00181428	469.121	429.707	2	1449	
1.2	1.3	8	19	9	3	88	40872	90	40947	0.000410793	0.000367417	0	0.00131428	454.967	568.685	2	1449	
1.2	1.3	1	20	19	3	6	134	7	146	0.000341836	0.000242758	0	0.000564284	20.8571	18.4249	2	58	
1.2	1.3	7	21	4	3	146	450	144	442	0	0	0	0	3.06944	1.00107	2	4	
1.3	1.4	2	1	15	3	141	432	139	424	0	0	0	0	3.05036	1.00234	2	4	
1.3	1.4	3	2	1	3	650	103856	652	103925	0.000642461	0.000351564	0	0.00201071	159.394	90.7343	2	584	
1.3	1.4	7	3	1	3	6	134	8	190	0.000301339	0.000255949	0	0.000564284	23.75	11.5851	2	36	
1.3	1.4	1	4	10	3	19	3069	25	3427	0.000354571	0.000375249	0	0.00129643	137.08	300.557	2	1268	
1.3	1.4	1	5	2	3	160	510	154	488	0	0	0	0	3.16883	0.988861	2	4	
1.3	1.4	2	6	2	3	140	48339	141	48407	0.000506027	0.000305155	0	0.00131428	343.312	322.251	2	1432	
1.3	1.4	1	7	17	3	302	67742	326	68370	0.000608643	0.000494749	0	0.002725	209.724	269.59	2	1449	
1.3	1.4	4	8	1	3	3	122	4	180	0.000460714	0.000613807	0	0.00129643	45	28.7286	2	62	
1.3	1.4	5	9	1	3	171	394	170	392	0	0	0	0	2.30588	0.721988	2	4	
1.3	1.4	2	10	4	3	6	134	8	204	0.000303571	0.000257928	0	0.000564284	25.5	21.5274	2	58	
1.3	1.4	6	11	4	3	61	27781	63	27856	0.000375736	0.000335126	0	0.00131428	442.159	517.663	2	1449	
1.3	1.4	6	12	3	3	15	3054	20	3441	0.000292499	0.000274939	0	0.000564284	172.05	336.815	2	1149	
1.3	1.4	2	13	5	3	175	350	175	350	0	0	0	0	2	0	2	2	
1.3	1.4	8	14	5	3	1042	204526	1052	204646	0.000584918	0.00031056	0	0.00224286	194.53	137.298	2	774	
1.3	1.4	7	15	3	3	5	130	7	218	0.000406632	0.000477772	0	0.00131428	31.1429	21.3809	2	58	
1.3	1.4	5	16	4	3	32	9158	34	9366	0.000412499	0.000299099	0	0.00129643	275.471	449.035	2	1449	
1.3	1.4	3	17	3	3	156	492	151	472	0	0	0	0	3.12583	0.995353	2	4	
1.3	1.4	1	18	4	3	492	231661	497	231752	0.000476795	0.000356498	0	0.00181428	466.302	429.933	2	1449	
1.3	1.4	8	19	3	3	104	52484	106	52559	0.000396967	0.00035341	0	0.00131428	495.84	593.635	2	1449	
1.3	1.4	1	20	19	3	6	134	7	146	0.000341836	0.000242758	0	0.000564284	20.8571	18.4249	2	58	
1.3	1.4	1	21	4	3	159	490	155	476	0	0	0	0	3.07097	1.00071	2	4	
1.4	1.5	1	1	9	3	151	458	148	448	0	0	0	0	3.02703	1.00303	2	4	
1.4	1.5	3	2	1	3	650	103856	652	103925	0.000642461	0.000351564	0	0.00201071	159.394	90.7343	2	584	
1.4	1.5	7	3	1	3	6	134	8	190	0.000301339	0.000255949	0	0.000564284	23.75	11.5851	2	36	
1.4	1.5	1	4	10	3	19	3069	25	3427	0.000354571	0.000375249	0	0.00129643	137.08	300.557	2	1268	
1.4	1.5	1	5	2	3	173	554	167	530	0	0	0	0	3.17365	0.987769	2	4	
1.4	1.5	2	6	2	3	185	65847	187	65917	0.000482333	0.000294178	0	0.00131428	352.497	325.726	2	1432	
1.4	1.5	2	7	3	3	390	79642	413	79966	0.000625128	0.000498027	0	0.00302857	193.622	247.213	2	1449	
1.4	1.5	4	8	1	3	3	122	4	180	0.000460714	0.000613807	0	0.00129643	45	28.7286	2	62	
1.4	1.5	5	9	1	3	184	422	183	420	0	0	0	0	2.29508	0.711235	2	4	
1.4	1.5	1	10	4	3	35	9057	36	8984	0.000520336	0.000320012	0	0.00131428	249.556	317.347	2	1379	
1.4	1.5	6	11	4	3	68	30695	70	30770	0.000376938	0.000327245	0	0.00131428	439.571	522.783	2	1449	
1.4	1.5	6	12	3	3	15	3054	20	3441	0.000292499	0.000274939	0	0.000564284	172.05	336.815	2	1149	
1.4	1.5	2	13	5	3	189	378	188	376	0	0	0	0	2	0	2	2	
1.4	1.5	8	14	5	3	1146	224194	1156	224314	0.000593338	0.000318052	0	0.00224286	194.043	133.809	2	774	
1.4	1.5	7	15	3	3	24	11759	26	11847	0.000425686	0.000357021	0	0.00131428	455.654	583.357	2	1449	
1.4	1.5	1	16	14	3	39	10625	44	11090	0.000369236	0.00030398	0	0.00129643	252.045	429.614	2	1449	
1.4	1.5	1	17	5	3	163	510	157	488	0	0	0	0	3.10828	0.997302	2	4	
1.4	1.5	1	18	4	3	492	231661	497	231752	0.000476795	0.000356498	0	0.00181428	466.302	429.933	2	1449	
1.4	1.5	8	19	3	3	139	62733	141	62808	0.000446022	0.00038129	0	0.00199286	445.447	538.681	2	1449	
1.4	1.5	1	20	19	3	6	134	7	146	0.000341836	0.000242758	0	0.000564284	20.8571	18.4249	2	58	
1.4	1.5	1	21	8	3	167	514	164	502	0	0	0	0	3.06098	1.0012	2	4	
1.5	1.6	1	1	9	3	164	498	161	488	0	0	0	0	3.03106	1.00264	2	4	
1.5	1.6	3	2	1	3	650	103856	652	103925	0.000642461	0.000351564	0	0.00201071	159.394	90.7343	2	584	
1.5	1.6	7	3	1	3	6	134	8	190	0.000301339	0.000255949	0	0.000564284	23.75	11.5851	2	36	
1.5	1.6	1	4	10	3	19	3069	25	3427	0.000354571	0.000375249	0	0.00129643	137.08	300.557	2	1268	
1.5	1.6	1	5	12	3	184	590	178	566	0	0	0	0	3.17978	0.986483	2	4	
1.5	1.6	1	6	6	3	187	65851	189	65921	0.000477229	0.000296764	0	0.00131428	348.788	325.978	2	1432	
1.5	1.6	2	7	3	3	412	86941	439	88534	0.000609769	0.000493071	0	0.00302857	201.672	262.87	2	1449	
1.5	1.6	4	8	1	3	3	122	4	180	0.000460714	0.000613807	0	0.00129643	45	28.7286	2	62	
1.5	1.6	5	9	1	3	197	448	196	446	0	0	0	0	2.27551	0.691051	2	4	
1.5	1.6	1	10	4	3	86	30789	88	30859	0.000571265	0.000379558	0	0.00131428	350.67	353.99	2	1449	
1.5	1.6	6	11	4	3	81	40850	83	40925	0.000371084	0.000334582	0	0.00131428	493.072	572.774	2	1449	
1.5	1.6	6	12	3	3	16	3056	21	3443	0.000278571	0.000275474	0	0.000564284	163.952	330.377	2	1149	
1.5	1.6	2	13	5	3	203	406	202	404	0	0	0	0	2	0	2	2	
1.5	1.6	1	14	6	3	1211	233906	1221	234026	0.000599621	0.000323813	0	0.00224286	191.667	131.929	2	774	
1.5	1.6	1	15	2	3	51	21964	53	22052	0.000426212	0.000378016	0	0.00131428	416.075	551.306	2	1449	
1.5	1.6	5	16	4	3	49	13551	55	14120	0.000374544	0.00029299	0	0.00129643	256.727	429.55	2	1449	
1.5	1.6	1	17	5	3	171	534	166	514	0	0	0	0	3.09639	0.998356	2	4	
1.5	1.6	1	18	4	3	493	231663	498	231754	0.000475838	0.00035678	0	0.00181428	465.369	430.004	2	1449	
1.5	1.6	8	19	3	3	160	72916	162	72991	0.000425264	0.000371005	0	0.00199286	450.562	543.623	2	1449	
1.5	1.6	1	20	19	3	6	134	7	146	0.000341836	0.000242758	0	0.000564284	20.8571	18.4249	2	58	
1.5	1.6	1	21	4	3	179	552	175	536	0	0	0	0	3.06286	1.00089	2	4	
1.6	1.7	1	1	9	3	178	544	175	534	0	0	0	0	3.05143	1.00154	2	4	
1.6	1.7	3	2	1	3	650	103856	652	103925	0.000642461	0.000351564	0	0.00201071	159.394	90.7343	2	584	
1.6	1.7	7	3	1	3	6	134	8	190	0.000301339	0.000255949	0	0.000564284	23.75	11.5851	2	36	
1.6	1.7	1	4	10	3	19	3069	25	3427	0.000354571	0.000375249	0	0.00129643	137.08	300.557	2	1268	
1.6	1.7	1	5	12	3	196	628	189	602	0	0	0	0	3.18519	0.985314	2	4	
1.6	1.7	1	6	6	3	187	65851	189	65921	0.000477229	0.000296764	0	0.00131428	348.788	325.978	2	1432	
1.6	1.7	1	7	17	3	413	86943	440	88536	0.000608384	0.000493367	0	0.00302857	201.218	262.743	2	1449	
1.6	1.7	4	8	1	3	9	1592	13	2322	0.000402197	0.000385886	0	0.00129643	178.615	164.37	2	464	
1.6	1.7	1	9	1	3	210	474	209	472	0	0	0	0	2.25837	0.672423	2	4	
1.6	1.7	2	10	4	3	168	52781	169	52561	0.000619694	0.000396836	0	0.00156428	311.012	280.568	2	1449	
1.6	1.7	6	11	4	3	95	51009	97	51084	0.000366825	0.000337974	0	0.00131428	526.639	599.205	2	1449	
1.6	1.7	6	12	3	3	16	3056	21	3443	0.000278571	0.000275474	0	0.000564284	163.952	330.377	2	1149	
1.6	1.7	2	13	5	3	216	432	216	432	0	0	0	0	2	0	2	2	
1.6	1.7	1	14	18	3	1240	237110	1250	237233	0.000597341	0.000325108	0	0.00224286	189.786	131.398	2	774	
1.6	1.7	7	15	3	3	69	32136	70	32222	0.000394132	0.00035579	0	0.00131428	460.314	581.601	2	1449	
1.6	1.7	1	16	14	3	56	15018	64	15731	0.000356305	0.000293912	0	0.00129643	245.797	424.548	2	1449	
1.6	1.7	3	17	5	3	180	562	174	538	0	0	0	0	3.09195	0.998637	2	4	
1.6	1.7	8	18	2	3	504	240373	510	240568	0.000475265	0.000356134	0	0.00181428	471.702	439.086	2	1449	
1.6	1.7	8	19	3	3	180	84536	182	84611	0.000423076	0.00038481	0	0.00199286	464.896	562.261	2	1449	
1.6	1.7	1	20	19	3	6	134	7	146	0.000341836	0.000242758	0	0.000564284	20.8571	18.4249	2	58	
1.6	1.7	1	21	8	3	191	586	186	568	0	0	0	0	3.05376	1.00125	2	4	
1.7	1.8	2	1	9	3	189	578	187	570	0	0	0	0	3.04813	1.00152	2	4	
1.7	1.8	3	2	1	3	650	103856	652	103925	0.000642461	0.000351564	0	0.00201071	159.394	90.7343	2	584	
1.7	1.8	7	3	1	3	6	134	8	190	0.000301339	0.000255949	0	0.000564284	23.75	11.5851	2	36	
1.7	1.8	1	4	10	3	19	3069	25	3427	0.000354571	0.000375249	0	0.00129643	137.08	300.557	2	1268	
1.7	1.8	1	5	2	3	209	666	202	638	0	0	0	0	3.15842	0.989826	2	4	
1.7	1.8	1	6	6	3	187	65851	189	65921	0.000477229	0.000296764	0	0.00131428	348.788	325.978	2	1432	
1.7	1.8	1	7	17	3	413	86943	440	88536	0.000608384	0.000493367	0	0.00302857	201.218	262.743	2	1449	
1.7	1.8	4	8	2	3	18	3070	27	4868	0.000339946	0.000339599	0	0.00129643	180.296	140.408	2	464	
1.7	1.8	5	9	1	3	223	500	222	498	0	0	0	0	2.24324	0.655174	2	4	
1.7	1.8	2	10	4	3	224	73243	227	73317	0.000610681	0.000396395	0	0.00156428	322.982	274.039	2	1449	
1.7	1.8	1	11	4	3	110	62615	111	62688	0.000377316	0.000359287	0	0.00131428	564.757	623.514	2	1449	
1.7	1.8	6	12	3	3	16	3056	21	3443	0.000278571	0.000275474	0	0.000564284	163.952	330.377	2	1149	
1.7	1.8	2	13	5	3	230	460	230	460	0	0	0	0	2	0	2	2	
1.7	1.8	1	14	18	3	1240	237110	1251	237235	0.000596864	0.000325416	0	0.00224286	189.636	131.452	2	774	
1.7	1.8	1	15	2	3	73	33591	75	33679	0.000375142	0.000355497	0	0.00131428	449.053	582.958	2	1449	
1.7	1.8	5	16	4	3	65	17942	74	18704	0.000367229	0.000286326	0	0.00129643	252.757	429.785	2	1449	
1.7	1.8	1	17	5	3	189	588	182	562	0	0	0	0	3.08791	0.998876	2	4	
1.7	1.8	8	18	2	3	530	262130	535	262323	0.000467175	0.000353674	0	0.00181428	490.323	463.016	2	1449	
1.7	1.8	1	19	3	3	198	94705	200	94780	0.000430571	0.000404159	0	0.00199286	473.9	574.511	2	1449	
1.7	1.8	1	20	19	3	6	134	7	146	0.000341836	0.000242758	0	0.000564284	20.8571	18.4249	2	58	
1.7	1.8	1	21	8	3	202	618	197	598	0	0	0	0	3.03553	1.00191	2	4	
1.8	1.9	2	1	9	3	202	614	200	606	0	0	0	0	3.03	1.00206	2	4	
1.8	1.9	3	2	1	3	650	103856	652	103925	0.000642461	0.000351564	0	0.00201071	159.394	90.7343	2	584	
1.8	1.9	7	3	1	3	6	134	8	190	0.000301339	0.000255949	0	0.000564284	23.75	11.5851	2	36	
1.8	1.9	1	4	10	3	19	3069	25	3427	0.000354571	0.000375249	0	0.00129643	137.08	300.557	2	1268	
1.8	1.9	1	5	2	3	223	706	216	678	0	0	0	0	3.13889	0.992608	2	4	
1.8	1.9	1	6	6	3	187	65851	189	65921	0.000477229	0.000296764	0	0.00131428	348.788	325.978	2	1432	
1.8	1.9	1	7	17	3	413	86943	440	88536	0.000608384	0.000493367	0	0.00302857	201.218	262.743	2	1449	
1.8	1.9	4	8	2	3	32	6016	48	9262	0.000342187	0.000310968	0	0.00129643	192.958	145.689	2	538	
1.8	1.9	5	9	1	3	237	528	236	526	0	0	0	0	2.22881	0.637962	2	4	
1.8	1.9	1	10	16	3	248	81999	251	82073	0.000603058	0.000404623	0	0.00156428	326.984	279.35	2	1449	
1.8	1.9	6	11	4	3	124	72772	126	72847	0.000367148	0.000360019	0	0.00131428	578.151	637.174	2	1449	
1.8	1.9	6	12	3	3	16	3056	21	3443	0.000278571	0.000275474	0	0.000564284	163.952	330.377	2	1149	
1.8	1.9	2	13	5	3	243	486	243	486	0	0	0	0	2	0	2	2	
1.8	1.9	1	14	18	3	1240	237110	1251	237235	0.000596864	0.000325416	0	0.00224286	189.636	131.452	2	774	
1.8	1.9	1	15	2	3	73	33591	75	33679	0.000375142	0.000355497	0	0.00131428	449.053	582.958	2	1449	
1.8	1.9	1	16	14	3	72	19409	82	20377	0.000357621	0.000286339	0	0.00129643	248.5	423.425	2	1449	
1.8	1.9	3	17	5	3	198	616	192	592	0	0	0	0	3.08333	0.999127	2	4	
1.8	1.9	8	18	2	3	553	283881	558	282627	0.000464477	0.000356161	0	0.00181428	506.5	481.894	2	1449	
1.8	1.9	1	19	9	3	212	104862	213	104935	0.000425687	0.000402897	0	0.00199286	492.653	589.209	2	1449	
1.8	1.9	1	20	19	3	6	134	7	146	0.000341836	0.000242758	0	0.000564284	20.8571	18.4249	2	58	
1.8	1.9	7	21	8	3	211	636	206	616	0	0	0	0	2.99029	1.00239	2	4	
1.9	2	1	1	9	3	216	646	214	638	0	0	0	0	2.98131	1.00217	2	4	
1.9	2	3	2	1	3	650	103856	652	103925	0.000642461	0.000351564	0	0.00201071	159.394	90.7343	2	584	
1.9	2	7	3	1	3	6	134	8	190	0.000301339	0.000255949	0	0.000564284	23.75	11.5851	2	36	
1.9	2	1	4	10	3	19	3069	25	3427	0.000354571	0.000375249	0	0.00129643	137.08	300.557	2	1268	
1.9	2	3	5	2	3	236	738	229	710	0	0	0	0	3.10044	0.997123	2	4	
1.9	2	1	6	6	3	187	65851	189	65921	0.000477229	0.000296764	0	0.00131428	348.788	325.978	2	1432	
1.9	2	1	7	17	3	413	86943	440	88536	0.000608384	0.000493367	0	0.00302857	201.218	262.743	2	1449	
1.9	2	1	8	1	3	40	7490	59	11221	0.000333353	0.000304527	0	0.00129643	190.186	154.816	2	562	
1.9	2	1	9	1	3	250	554	248	550	0	0	0	0	2.21774	0.624214	2	4	
1.9	2	1	10	16	3	248	81999	251	82073	0.000603058	0.000404623	0	0.00156428	326.984	279.35	2	1449	
1.9	2	1	11	3	3	139	82931	140	83004	0.000367576	0.000369103	0	0.00131428	592.886	647.911	2	1449	
1.9	2	6	12	3	3	16	3056	21	3443	0.000278571	0.000275474	0	0.000564284	163.952	330.377	2	1149	
1.9	2	2	13	5	3	257	514	257	514	0	0	0	0	2	0	2	2	
1.9	2	1	14	18	3	1240	237110	1251	237235	0.000596864	0.000325416	0	0.00224286	189.636	131.452	2	774	
1.9	2	1	15	2	3	73	33591	75	33679	0.000375142	0.000355497	0	0.00131428	449.053	582.958	2	1449	
1.9	2	1	16	14	3	78	20874	90	21948	0.000350316	0.000286386	0	0.00129643	243.867	420.248	2	1449	
1.9	2	1	17	3	3	208	646	202	622	0	0	0	0	3.07921	0.999335	2	4	
1.9	2	8	18	2	3	579	304193	585	304388	0.000456397	0.000353594	0	0.00181428	520.321	498.551	2	1449	
1.9	2	8	19	3	3	228	116472	229	115256	0.000414176	0.000396998	0	0.00199286	503.301	599.747	2	1449	
1.9	2	1	20	19	3	6	134	7	146	0.000341836	0.000242758	0	0.000564284	20.8571	18.4249	2	58	
1.9	2	1	21	8	3	218	650	213	630	0	0	0	0	2.95775	1.00146	2	4	
2	2.1	1	1	9	3	230	692	227	682	0	0	0	0	3.00441	1.0022	2	4	
2	2.1	3	2	1	3	650	103856	652	103925	0.000642461	0.000351564	0	0.00201071	159.394	90.7343	2	584	
2	2.1	7	3	1	3	6	134	8	190	0.000301339	0.000255949	0	0.000564284	23.75	11.5851	2	36	
2	2.1	1	4	10	3	19	3069	25	3427	0.000354571	0.000375249	0	0.00129643	137.08	300.557	2	1268	
2	2.1	3	5	2	3	250	770	242	740	0	0	0	0	3.05785	1.00039	2	4	
2	2.1	1	6	6	3	187	65851	189	65921	0.000477229	0.000296764	0	0.00131428	348.788	325.978	2	1432	
2	2.1	1	7	17	3	413	86943	440	88536	0.000608384	0.000493367	0	0.00302857	201.218	262.743	2	1449	
2	2.1	4	8	2	3	54	10436	80	15851	0.000334195	0.000295045	0	0.00129643	198.138	159.038	2	562	
2	2.1	5	9	1	3	263	580	262	578	0	0	0	0	2.20611	0.609221	2	4	
2	2.1	1	10	4	3	278	90789	280	90861	0.000595611	0.000390527	0	0.00156428	324.504	273.97	2	1449	
2	2.1	6	11	4	3	155	94539	157	94614	0.000353684	0.000360588	0	0.00131428	602.637	657.021	2	1449	
2	2.1	6	12	3	3	16	3056	21	3443	0.000278571	0.000275474	0	0.000564284	163.952	330.377	2	1149	
2	2.1	2	13	5	3	271	542	271	542	0	0	0	0	2	0	2	2	
2	2.1	1	14	18	3	1240	237110	1251	237235	0.000596864	0.000325416	0	0.00224286	189.636	131.452	2	774	
2	2.1	1	15	2	3	73	33591	75	33679	0.000375142	0.000355497	0	0.00131428	449.053	582.958	2	1449	
2	2.1	5	16	4	3	90	23809	104	25082	0.000355871	0.000281917	0	0.00129643	241.173	405.888	2	1449	
2	2.1	1	17	3	3	219	678	213	654	0	0	0	0	3.07042	0.999867	2	4	
2	2.1	8	18	2	3	605	325950	611	326145	0.000451969	0.000354316	0	0.00181428	533.789	513.644	2	1449	
2	2.1	8	19	3	3	232	117927	234	118002	0.000412896	0.000399582	0	0.00199286	504.282	601.427	2	1449	
2	2.1	1	20	19	3	6	134	7	146	0.000341836	0.000242758	0	0.000564284	20.8571	18.4249	2	58	
2	2.1	7	21	8	3	227	668	222	648	0	0	0	0	2.91892	0.99896	2	4	
2.1	2.2	2	1	9	3	244	734	242	726	0	0	0	0	3	1.00207	2	4	
2.1	2.2	3	2	1	3	650	103856	652	103925	0.000642461	0.000351564	0	0.00201071	159.394	90.7343	2	584	
2.1	2.2	7	3	1	3	6	134	8	190	0.000301339	0.000255949	0	0.000564284	23.75	11.5851	2	36	
2.1	2.2	1	4	10	3	19	3069	25	3427	0.000354571	0.000375249	0	0.00129643	137.08	300.557	2	1268	
2.1	2.2	3	5	2	3	265	804	256	772	0	0	0	0	3.01562	1.00184	2	4	
2.1	2.2	1	6	6	3	187	65851	189	65921	0.000477229	0.000296764	0	0.00131428	348.788	325.978	2	1432	
2.1	2.2	1	7	17	3	413	86943	440	88536	0.000608384	0.000493367	0	0.00302857	201.218	262.743	2	1449	
2.1	2.2	1	8	1	3	64	11916	93	17938	0.000328033	0.000292366	0	0.00129643	192.882	158.843	2	562	
2.1	2.2	1	9	1	3	276	606	275	604	0	0	0	0	2.19636	0.596206	2	4	
2.1	2.2	1	10	16	3	339	112697	341	112769	0.000589818	0.000387421	0	0.00156428	330.701	274.669	2	1449	
2.1	2.2	6	11	4	3	171	104704	173	104779	0.000359103	0.000369992	0	0.00131428	605.659	659.165	2	1449	
2.1	2.2	6	12	3	3	16	3056	21	3443	0.000278571	0.000275474	0	0.000564284	163.952	330.377	2	1149	
2.1	2.2	2	13	5	3	284	568	284	568	0	0	0	0	2	0	2	2	
2.1	2.2	1	14	18	3	1240	237110	1251	237235	0.000596864	0.000325416	0	0.00224286	189.636	131.452	2	774	
2.1	2.2	7	15	3	3	90	43762	92	43850	0.000384355	0.000360045	0	0.00131428	476.63	600.778	2	1449	
2.1	2.2	5	16	4	3	97	25278	112	26600	0.000360586	0.000289733	0	0.00129643	237.5	403.78	2	1449	
2.1	2.2	1	17	3	3	231	706	225	682	0	0	0	0	3.03111	1.00174	2	4	
2.1	2.2	8	18	2	3	633	347715	638	346461	0.000450408	0.000357477	0	0.00181428	543.042	524.921	2	1449	
2.1	2.2	8	19	3	3	232	117927	234	118002	0.000412896	0.000399582	0	0.00199286	504.282	601.427	2	1449	
2.1	2.2	1	20	19	3	6	134	7	146	0.000341836	0.000242758	0	0.000564284	20.8571	18.4249	2	58	
2.1	2.2	1	21	7	3	235	684	230	664	0	0	0	0	2.88696	0.995757	2	4	
2.2	2.3	2	1	9	3	257	776	255	768	0	0	0	0	3.01176	1.0019	2	4	
2.2	2.3	3	2	1	3	650	103856	652	103925	0.000642461	0.000351564	0	0.00201071	159.394	90.7343	2	584	
2.2	2.3	7	3	1	3	6	134	8	190	0.000301339	0.000255949	0	0.000564284	23.75	11.5851	2	36	
2.2	2.3	1	4	10	3	19	3069	25	3427	0.000354571	0.000375249	0	0.00129643	137.08	300.557	2	1268	
2.2	2.3	3	5	2	3	278	842	270	812	0	0	0	0	3.00741	1.00183	2	4	
2.2	2.3	1	6	6	3	187	65851	189	65921	0.000477229	0.000296764	0	0.00131428	348.788	325.978	2	1432	
2.2	2.3	1	7	17	3	413	86943	440	88536	0.000608384	0.000493367	0	0.00302857	201.218	262.743	2	1449	
2.2	2.3	4	8	2	3	75	14848	106	21078	0.000338678	0.000286966	0	0.00129643	198.849	192.674	2	1101	
2.2	2.3	5	9	1	3	289	632	288	630	0	0	0	0	2.1875	0.583976	2	4	
2.2	2.3	2	10	4	3	403	134627	404	134066	0.000589143	0.000388941	0	0.00156428	331.847	267.775	2	1449	
2.2	2.3	6	11	4	3	189	114873	191	114948	0.000365407	0.000384665	0	0.00131428	601.822	661.718	2	1449	
2.2	2.3	6	12	3	3	16	3056	21	3443	0.000278571	0.000275474	0	0.000564284	163.952	330.377	2	1149	
2.2	2.3	2	13	5	3	298	596	298	596	0	0	0	0	2	0	2	2	
2.2	2.3	1	14	18	3	1240	237110	1251	237235	0.000596864	0.000325416	0	0.00224286	189.636	131.452	2	774	
2.2	2.3	7	15	3	3	111	53956	113	54044	0.000394468	0.000353419	0	0.00131428	478.265	560.137	2	1449	
2.2	2.3	1	16	14	3	103	26743	120	28255	0.000354612	0.000289469	0	0.00129643	235.458	402.659	2	1449	
2.2	2.3	3	17	3	3	243	746	237	722	0	0	0	0	3.04641	1.00104	2	4	
2.2	2.3	1	18	4	3	661	368033	667	368228	0.000447134	0.000359225	0	0.00181428	552.066	535.68	2	1449	
2.2	2.3	8	19	3	3	232	117927	234	118002	0.000412896	0.000399582	0	0.00199286	504.282	601.427	2	1449	
2.2	2.3	1	20	19	3	6	134	7	146	0.000341836	0.000242758	0	0.000564284	20.8571	18.4249	2	58	
2.2	2.3	7	21	7	3	247	720	242	700	0	0	0	0	2.89256	0.996272	2	4	
2.3	2.4	1	1	9	3	271	822	268	812	0	0	0	0	3.02985	1.00142	2	4	
2.3	2.4	3	2	1	3	650	103856	652	103925	0.000642461	0.000351564	0	0.00201071	159.394	90.7343	2	584	
2.3	2.4	7	3	1	3	6	134	8	190	0.000301339	0.000255949	0	0.000564284	23.75	11.5851	2	36	
2.3	2.4	1	4	10	3	19	3069	25	3427	0.000354571	0.000375249	0	0.00129643	137.08	300.557	2	1268	
2.3	2.4	3	5	2	3	291	874	283	844	0	0	0	0	2.98233	1.00162	2	4	
2.3	2.4	1	6	6	3	187	65851	189	65921	0.000477229	0.000296764	0	0.00131428	348.788	325.978	2	1432	
2.3	2.4	2	7	3	3	468	93433	497	94907	0.000617942	0.000490485	0	0.00302857	190.96	250.616	2	1449	
2.3	2.4	1	8	1	3	85	16328	123	23834	0.000323983	0.000288061	0	0.00129643	193.772	184.299	2	1101	
2.3	2.4	1	9	1	3	303	662	302	660	0	0	0	0	2.18543	0.581029	2	4	
2.3	2.4	2	10	4	3	466	149336	481	151338	0.000605308	0.00041154	0	0.00156428	314.632	254.884	2	1449	
2.3	2.4	6	11	4	3	208	126491	210	126566	0.000359642	0.000380988	0	0.00131428	602.695	664.232	2	1449	
2.3	2.4	6	12	3	3	16	3056	21	3443	0.000278571	0.000275474	0	0.000564284	163.952	330.377	2	1149	
2.3	2.4	2	13	5	3	311	622	311	622	0	0	0	0	2	0	2	2	
2.3	2.4	7	14	6	3	1255	237760	1263	237766	0.000602309	0.000332364	0	0.00224286	188.255	131.587	2	774	
2.3	2.4	7	15	3	3	134	64155	136	64243	0.000406407	0.000365822	0	0.00131428	472.375	536.394	2	1449	
2.3	2.4	1	16	14	3	103	26743	120	28255	0.000354612	0.000289469	0	0.00129643	235.458	402.659	2	1449	
2.3	2.4	3	17	3	3	253	778	247	754	0	0	0	0	3.05263	1.00064	2	4	
2.3	2.4	8	18	2	3	687	389790	693	389985	0.00044618	0.000362503	0	0.00181428	562.749	546.173	2	1449	
2.3	2.4	8	19	3	3	232	117927	234	118002	0.000412896	0.000399582	0	0.00199286	504.282	601.427	2	1449	
2.3	2.4	1	20	19	3	6	134	7	146	0.000341836	0.000242758	0	0.000564284	20.8571	18.4249	2	58	
2.3	2.4	1	21	7	3	261	766	255	742	0	0	0	0	2.9098	0.997883	2	4	
2.4	2.5	1	1	9	3	285	868	282	858	0	0	0	0	3.04255	1.00087	2	4	
2.4	2.5	3	2	1	3	650	103856	652	103925	0.000642461	0.000351564	0	0.00201071	159.394	90.7343	2	584	
2.4	2.5	7	3	1	3	6	134	8	190	0.000301339	0.000255949	0	0.000564284	23.75	11.5851	2	36	
2.4	2.5	1	4	10	3	19	3069	25	3427	0.000354571	0.000375249	0	0.00129643	137.08	300.557	2	1268	
2.4	2.5	3	5	2	3	305	902	295	868	0	0	0	0	2.94237	1.00003	2	4	
2.4	2.5	1	6	6	3	187	65851	189	65921	0.000477229	0.000296764	0	0.00131428	348.788	325.978	2	1432	
2.4	2.5	1	7	17	3	581	107792	610	109395	0.000623236	0.000464152	0	0.00302857	179.336	229.802	2	1449	
2.4	2.5	1	8	1	3	85	16328	123	23834	0.000323983	0.000288061	0	0.00129643	193.772	184.299	2	1101	
2.4	2.5	1	9	1	3	315	692	314	690	0	0	0	0	2.19745	0.59754	2	4	
2.4	2.5	2	10	4	3	469	149342	484	151344	0.000601556	0.000413007	0	0.00156428	312.694	255.276	2	1449	
2.4	2.5	6	11	4	3	223	136652	225	136727	0.000360888	0.00038448	0	0.00131428	607.676	667.318	2	1449	
2.4	2.5	6	12	3	3	16	3056	21	3443	0.000278571	0.000275474	0	0.000564284	163.952	330.377	2	1149	
2.4	2.5	2	13	5	3	324	648	324	648	0	0	0	0	2	0	2	2	
2.4	2.5	2	14	12	3	1477	283257	1480	282838	0.00060135	0.000321814	0	0.00224286	191.107	132.383	2	774	
2.4	2.5	7	15	3	3	150	75768	152	75856	0.000412147	0.000375595	0	0.00131428	499.053	556.385	2	1449	
2.4	2.5	5	16	4	3	109	28211	128	29931	0.000359095	0.000296438	0	0.00129643	233.836	395.552	2	1449	
2.4	2.5	3	17	3	3	262	806	256	782	0	0	0	0	3.05469	1.00046	2	4	
2.4	2.5	8	18	4	3	715	410110	721	410305	0.000446715	0.000367385	0	0.00181428	569.078	553.587	2	1449	
2.4	2.5	8	19	3	3	232	117927	234	118002	0.000412896	0.000399582	0	0.00199286	504.282	601.427	2	1449	
2.4	2.5	1	20	19	3	6	134	7	146	0.000341836	0.000242758	0	0.000564284	20.8571	18.4249	2	58	
2.4	2.5	1	21	13	3	271	794	265	770	0	0	0	0	2.90566	0.997424	2	4	
2.5	2.6	1	1	15	3	294	894	291	884	0	0	0	0	3.0378	1.00101	2	4	
2.5	2.6	3	2	1	3	650	103856	652	103925	0.000642461	0.000351564	0	0.00201071	159.394	90.7343	2	584	
2.5	2.6	7	3	1	3	6	134	8	190	0.000301339	0.000255949	0	0.000564284	23.75	11.5851	2	36	
2.5	2.6	1	4	10	3	19	3069	25	3427	0.000354571	0.000375249	0	0.00129643	137.08	300.557	2	1268	
2.5	2.6	3	5	2	3	319	930	308	894	0	0	0	0	2.9026	0.996865	2	4	
2.5	2.6	1	6	6	3	187	65851	189	65921	0.000477229	0.000296764	0	0.00131428	348.788	325.978	2	1432	
2.5	2.6	2	7	3	3	747	118730	775	120206	0.000656953	0.000454531	0	0.00302857	155.105	209.688	2	1449	
2.5	2.6	1	8	1	3	85	16328	123	23834	0.000323983	0.000288061	0	0.00129643	193.772	184.299	2	1101	
2.5	2.6	5	9	11	3	328	722	327	720	0	0	0	0	2.20183	0.603362	2	4	
2.5	2.6	2	10	4	3	469	149342	484	151344	0.000601556	0.000413007	0	0.00156428	312.694	255.276	2	1449	
2.5	2.6	6	11	4	3	238	146813	240	146888	0.000360788	0.000385403	0	0.00131428	612.033	669.59	2	1449	
2.5	2.6	6	12	3	3	16	3056	21	3443	0.000278571	0.000275474	0	0.000564284	163.952	330.377	2	1149	
2.5	2.6	1	13	5	3	338	676	338	676	0	0	0	0	2	0	2	2	
2.5	2.6	1	14	12	3	1750	305343	1758	305232	0.00059597	0.000308834	0	0.00224286	173.625	128.854	2	774	
2.5	2.6	7	15	3	3	164	85925	166	86013	0.000409143	0.000382204	0	0.00131428	518.151	575.931	2	1449	
2.5	2.6	1	16	14	3	115	29676	136	31549	0.000354437	0.000296078	0	0.00129643	231.978	394.759	2	1449	
2.5	2.6	1	17	5	3	271	832	265	808	0	0	0	0	3.04906	1.00069	2	4	
2.5	2.6	8	18	4	3	742	431871	747	432064	0.000445118	0.000368432	0	0.00181428	578.399	561.652	2	1449	
2.5	2.6	8	19	3	3	232	117927	234	118002	0.000412896	0.000399582	0	0.00199286	504.282	601.427	2	1449	
2.5	2.6	1	20	19	3	6	134	7	146	0.000341836	0.000242758	0	0.000564284	20.8571	18.4249	2	58	
2.5	2.6	2	21	13	3	284	832	278	808	0	0	0	0	2.90647	0.997412	2	4	
2.6	2.7	2	1	9	3	306	922	304	914	0	0	0	0	3.00658	1.00163	2	4	
2.6	2.7	3	2	1	3	650	103856	652	103925	0.000642461	0.000351564	0	0.00201071	159.394	90.7343	2	584	
2.6	2.7	7	3	1	3	6	134	8	190	0.000301339	0.000255949	0	0.000564284	23.75	11.5851	2	36	
2.6	2.7	1	4	10	3	19	3069	25	3427	0.000354571	0.000375249	0	0.00129643	137.08	300.557	2	1268	
2.6	2.7	1	5	2	3	332	956	320	918	0	0	0	0	2.86875	0.992902	2	4	
2.6	2.7	1	6	6	3	187	65851	189	65921	0.000477229	0.000296764	0	0.00131428	348.788	325.978	2	1432	
2.6	2.7	2	7	3	3	873	130667	903	132272	0.000646787	0.000432619	0	0.00302857	146.481	196.487	2	1449	
2.6	2.7	1	8	1	3	85	16328	123	23834	0.000323983	0.000288061	0	0.00129643	193.772	184.299	2	1101	
2.6	2.7	1	9	1	3	342	750	341	748	0	0	0	0	2.19355	0.592169	2	4	
2.6	2.7	2	10	4	3	469	149342	484	151344	0.000601556	0.000413007	0	0.00156428	312.694	255.276	2	1449	
2.6	2.7	6	11	4	3	255	158425	255	157230	0.000355097	0.000379421	0	0.00131428	616.588	672.408	2	1449	
2.6	2.7	6	12	3	3	16	3056	21	3443	0.000278571	0.000275474	0	0.000564284	163.952	330.377	2	1149	
2.6	2.7	1	13	20	3	352	704	352	704	0	0	0	0	2	0	2	2	
2.6	2.7	2	14	12	3	1865	314221	1878	314407	0.000593801	0.000307286	0	0.00224286	167.416	127.242	2	774	
2.6	2.7	7	15	3	3	182	96096	184	96184	0.000408714	0.000390719	0	0.00131428	522.739	586.396	2	1449	
2.6	2.7	5	16	4	3	125	32604	149	34789	0.000356639	0.000292765	0	0.00129643	233.483	394.105	2	1449	
2.6	2.7	1	17	5	3	281	862	275	838	0	0	0	0	3.04727	1.0007	2	4	
2.6	2.7	8	18	2	3	757	442030	763	442225	0.000442575	0.000370258	0	0.00181428	579.587	565.433	2	1449	
2.6	2.7	8	19	3	3	232	117927	234	118002	0.000412896	0.000399582	0	0.00199286	504.282	601.427	2	1449	
2.6	2.7	1	20	19	3	6	134	7	146	0.000341836	0.000242758	0	0.000564284	20.8571	18.4249	2	58	
2.6	2.7	1	21	13	3	296	868	290	844	0	0	0	0	2.91034	0.997695	2	4	
2.7	2.8	1	1	9	3	320	954	317	944	0	0	0	0	2.97792	1.00134	2	4	
2.7	2.8	3	2	1	3	650	103856	652	103925	0.000642461	0.000351564	0	0.00201071	159.394	90.7343	2	584	
2.7	2.8	7	3	1	3	6	134	8	190	0.000301339	0.000255949	0	0.000564284	23.75	11.5851	2	36	
2.7	2.8	1	4	10	3	19	3069	25	3427	0.000354571	0.000375249	0	0.00129643	137.08	300.557	2	1268	
2.7	2.8	3	5	2	3	346	984	335	948	0	0	0	0	2.82985	0.986892	2	4	
2.7	2.8	1	6	6	3	187	65851	189	65921	0.000477229	0.000296764	0	0.00131428	348.788	325.978	2	1432	
2.7	2.8	1	7	3	3	953	141091	983	142696	0.000637802	0.00042278	0	0.00302857	145.164	189.912	2	1449	
2.7	2.8	1	8	1	3	85	16328	123	23834	0.000323983	0.000288061	0	0.00129643	193.772	184.299	2	1101	
2.7	2.8	1	9	11	3	356	778	354	774	0	0	0	0	2.18644	0.582305	2	4	
2.7	2.8	2	10	4	3	469	149342	484	151344	0.000601556	0.000413007	0	0.00156428	312.694	255.276	2	1449	
2.7	2.8	6	11	4	3	269	168584	271	168659	0.000350105	0.00037317	0	0.00131428	622.358	673.934	2	1449	
2.7	2.8	6	12	3	3	16	3056	21	3443	0.000278571	0.000275474	0	0.000564284	163.952	330.377	2	1149	
2.7	2.8	2	13	5	3	365	730	365	730	0	0	0	0	2	0	2	2	
2.7	2.8	2	14	12	3	1865	314221	1878	314407	0.000593801	0.000307286	0	0.00224286	167.416	127.242	2	774	
2.7	2.8	7	15	3	3	204	107734	206	107822	0.000416556	0.000396697	0	0.00131428	523.408	582.954	2	1449	
2.7	2.8	5	16	4	3	132	34073	157	36362	0.000355754	0.00029143	0	0.00129643	231.605	389.732	2	1449	
2.7	2.8	3	17	3	3	294	904	287	876	0	0	0	0	3.05226	1.00038	2	4	
2.7	2.8	8	18	2	3	757	442030	763	442225	0.000442575	0.000370258	0	0.00181428	579.587	565.433	2	1449	
2.7	2.8	8	19	3	3	232	117927	234	118002	0.000412896	0.000399582	0	0.00199286	504.282	601.427	2	1449	
2.7	2.8	1	20	19	3	6	134	7	146	0.000341836	0.000242758	0	0.000564284	20.8571	18.4249	2	58	
2.7	2.8	2	21	13	3	309	912	303	888	0	0	0	0	2.93069	0.999246	2	4	
2.8	2.9	2	1	9	3	335	992	331	980	0	0	0	0	2.96073	1.00074	2	4	
2.8	2.9	3	2	1	3	650	103856	652	103925	0.000642461	0.000351564	0	0.00201071	159.394	90.7343	2	584	
2.8	2.9	7	3	1	3	6	134	8	190	0.000301339	0.000255949	0	0.000564284	23.75	11.5851	2	36	
2.8	2.9	1	4	10	3	19	3069	25	3427	0.000354571	0.000375249	0	0.00129643	137.08	300.557	2	1268	
2.8	2.9	1	5	2	3	360	1014	347	974	0	0	0	0	2.80692	0.982599	2	4	
2.8	2.9	1	6	6	3	187	65851	189	65921	0.000477229	0.000296764	0	0.00131428	348.788	325.978	2	1432	
2.8	2.9	2	7	3	3	1021	151469	1051	153074	0.00063609	0.000418148	0	0.00302857	145.646	185.324	2	1449	
2.8	2.9	1	8	1	3	85	16328	123	23834	0.000323983	0.000288061	0	0.00129643	193.772	184.299	2	1101	
2.8	2.9	5	9	1	3	369	804	368	802	0	0	0	0	2.17935	0.572206	2	4	
2.8	2.9	2	10	4	3	469	149342	484	151344	0.000601556	0.000413007	0	0.00156428	312.694	255.276	2	1449	
2.8	2.9	6	11	4	3	283	178743	285	178818	0.000352318	0.000376004	0	0.00131428	627.432	675.837	2	1449	
2.8	2.9	6	12	3	3	16	3056	21	3443	0.000278571	0.000275474	0	0.000564284	163.952	330.377	2	1149	
2.8	2.9	1	13	5	3	379	758	379	758	0	0	0	0	2	0	2	2	
2.8	2.9	2	14	12	3	1865	314221	1878	314407	0.000593801	0.000307286	0	0.00224286	167.416	127.242	2	774	
2.8	2.9	7	15	3	3	221	117901	223	117989	0.000412379	0.000398763	0	0.00131428	529.099	592.081	2	1449	
2.8	2.9	5	16	4	3	142	37001	169	39416	0.000359593	0.000288316	0	0.00129643	233.231	392.275	2	1449	
2.8	2.9	3	17	3	3	309	954	301	922	0	0	0	0	3.06312	0.999668	2	4	
2.8	2.9	8	18	4	3	768	450740	773	450933	0.000443004	0.000368327	0	0.00181428	583.354	567.614	2	1449	
2.8	2.9	8	19	3	3	232	117927	234	118002	0.000412896	0.000399582	0	0.00199286	504.282	601.427	2	1449	
2.8	2.9	2	20	14	3	32	3124	50	4632	0.000360142	0.000357954	0	0.00131428	92.64	101.797	2	416	
2.8	2.9	1	21	13	3	323	958	317	934	0	0	0	0	2.94637	1.00014	2	4	
2.9	3	2	1	9	3	348	1030	345	1020	0	0	0	0	2.95652	1.00051	2	4	
2.9	3	3	2	1	3	650	103856	652	103925	0.000642461	0.000351564	0	0.00201071	159.394	90.7343	2	584	
2.9	3	8	3	6	3	10	1595	12	1651	0.000387499	0.000240638	0	0.000564284	137.583	345.465	2	1231	
2.9	3	1	4	10	3	19	3069	25	3427	0.000354571	0.000375249	0	0.00129643	137.08	300.557	2	1268	
2.9	3	3	5	2	3	373	1048	361	1010	0	0	0	0	2.79778	0.9807	2	4	
2.9	3	1	6	6	3	187	65851	189	65921	0.000477229	0.000296764	0	0.00131428	348.788	325.978	2	1432	
2.9	3	2	7	3	3	1108	163356	1138	164961	0.000633378	0.000413771	0	0.00302857	144.957	179.837	2	1449	
2.9	3	1	8	1	3	85	16328	123	23834	0.000323983	0.000288061	0	0.00129643	193.772	184.299	2	1101	
2.9	3	5	9	1	3	383	832	382	830	0	0	0	0	2.17277	0.562607	2	4	
2.9	3	2	10	4	3	469	149342	484	151344	0.000601556	0.000413007	0	0.00156428	312.694	255.276	2	1449	
2.9	3	6	11	3	3	302	188916	304	188991	0.00036096	0.000390333	0	0.00131428	621.681	674.949	2	1449	
2.9	3	6	12	3	3	16	3056	21	3443	0.000278571	0.000275474	0	0.000564284	163.952	330.377	2	1149	
2.9	3	1	13	5	3	393	786	392	784	0	0	0	0	2	0	2	2	
2.9	3	2	14	12	3	1865	314221	1878	314407	0.000593801	0.000307286	0	0.00224286	167.416	127.242	2	774	
2.9	3	7	15	3	3	238	128069	240	128157	0.000409984	0.000400784	0	0.00131428	533.987	598.287	2	1449	
2.9	3	1	16	14	3	149	38468	178	40971	0.000353691	0.000288665	0	0.00129643	230.174	391.845	2	1449	
2.9	3	1	17	5	3	320	988	311	954	0	0	0	0	3.06752	0.999326	2	4	
2.9	3	8	18	2	3	793	471051	799	471246	0.000438243	0.000366122	0	0.00181428	589.795	573.511	2	1449	
2.9	3	8	19	3	3	232	117927	234	118002	0.000412896	0.000399582	0	0.00199286	504.282	601.427	2	1449	
2.9	3	1	20	19	3	57	4664	89	6625	0.000373514	0.000378891	0	0.00131428	74.4382	82.3986	2	416	
2.9	3	1	21	8	3	332	984	326	960	0	0	0	0	2.94479	1.00001	2	4	
3	3.1	2	1	9	3	361	1074	358	1064	0	0	0	0	2.97207	1.00101	2	4	
3	3.1	2	2	10	3	712	111338	712	111039	0.000648564	0.000351764	0	0.00206428	155.954	92.6595	2	584	
3	3.1	8	3	13	3	35	11799	36	10893	0.000421626	0.000380804	0	0.00131428	302.583	465.947	2	1449	
3	3.1	2	4	1	3	55	6103	60	6459	0.000510534	0.000318994	0	0.00131428	107.65	200.723	2	1268	
3	3.1	3	5	2	3	386	1074	374	1036	0	0	0	0	2.77005	0.974507	2	4	
3	3.1	1	6	6	3	187	65851	189	65921	0.000477229	0.000296764	0	0.00131428	348.788	325.978	2	1432	
3	3.1	1	7	3	3	1164	173695	1194	175300	0.000631457	0.000411302	0	0.00302857	146.817	179.094	2	1449	
3	3.1	1	8	1	3	85	16328	123	23834	0.000323983	0.000288061	0	0.00129643	193.772	184.299	2	1101	
3	3.1	5	9	1	3	396	858	395	856	0	0	0	0	2.16709	0.554108	2	4	
3	3.1	2	10	4	3	469	149342	484	151344	0.000601556	0.000413007	0	0.00156428	312.694	255.276	2	1449	
3	3.1	1	11	3	3	305	190369	307	190444	0.000359271	0.000389679	0	0.00131428	620.339	675.155	2	1449	
3	3.1	6	12	3	3	16	3056	21	3443	0.000278571	0.000275474	0	0.000564284	163.952	330.377	2	1149	
3	3.1	2	13	5	3	406	812	406	812	0	0	0	0	2	0	2	2	
3	3.1	2	14	12	3	1865	314221	1878	314407	0.000593801	0.000307286	0	0.00224286	167.416	127.242	2	774	
3	3.1	7	15	3	3	264	139722	265	139808	0.000410444	0.000393813	0	0.00131428	527.577	588.565	2	1449	
3	3.1	5	16	4	3	159	41396	190	44006	0.00035733	0.000286112	0	0.00129643	231.611	392.297	2	1449	
3	3.1	1	17	5	3	329	1016	320	980	0	0	0	0	3.0625	0.999608	2	4	
3	3.1	8	18	2	3	828	492849	834	493044	0.000438724	0.000367629	0	0.00181428	591.18	573.083	2	1449	
3	3.1	1	19	9	3	253	128114	254	128187	0.000420317	0.000399549	0	0.00199286	504.673	603.032	2	1449	
3	3.1	1	20	19	3	87	7386	122	9631	0.000478541	0.000440902	0	0.00131428	78.9426	105.356	2	548	
3	3.1	2	21	8	3	340	1008	334	984	0	0	0	0	2.94611	1.00004	2	4	
3.1	3.2	2	1	9	3	375	1116	372	1106	0	0	0	0	2.97312	1.00098	2	4	
3.1	3.2	2	2	10	3	847	132214	846	131962	0.00065463	0.000370156	0	0.00281428	155.983	101.692	2	907	
3.1	3.2	8	3	6	3	63	23457	65	23513	0.00039901	0.000366001	0	0.00131428	361.738	500.779	2	1449	
3.1	3.2	2	4	1	3	64	7578	73	8036	0.000464774	0.000326738	0	0.00131428	110.082	218.691	2	1268	
3.1	3.2	3	5	2	3	400	1102	387	1062	0	0	0	0	2.74419	0.967977	2	4	
3.1	3.2	1	6	6	3	187	65851	189	65921	0.000477229	0.000296764	0	0.00131428	348.788	325.978	2	1432	
3.1	3.2	2	7	17	3	1231	184067	1261	185672	0.000628468	0.000408404	0	0.00302857	147.242	176.175	2	1449	
3.1	3.2	1	8	1	3	85	16328	123	23834	0.000323983	0.000288061	0	0.00129643	193.772	184.299	2	1101	
3.1	3.2	5	9	1	3	410	894	408	890	0	0	0	0	2.18137	0.57503	2	4	
3.1	3.2	2	10	4	3	469	149342	484	151344	0.000601556	0.000413007	0	0.00156428	312.694	255.276	2	1449	
3.1	3.2	1	11	3	3	305	190369	307	190444	0.000359271	0.000389679	0	0.00131428	620.339	675.155	2	1449	
3.1	3.2	6	12	3	3	16	3056	21	3443	0.000278571	0.000275474	0	0.000564284	163.952	330.377	2	1149	
3.1	3.2	2	13	5	3	420	840	420	840	0	0	0	0	2	0	2	2	
3.1	3.2	2	14	12	3	1865	314221	1878	314407	0.000593801	0.000307286	0	0.00224286	167.416	127.242	2	774	
3.1	3.2	7	15	3	3	284	149912	286	150000	0.000406056	0.000385418	0	0.00131428	524.476	578.101	2	1449	
3.1	3.2	5	16	4	3	165	42861	201	45867	0.000346197	0.000288068	0	0.00129643	228.194	387.062	2	1449	
3.1	3.2	3	17	3	3	340	1050	329	1008	0	0	0	0	3.06383	0.999481	2	4	
3.1	3.2	8	18	2	3	861	514638	867	514833	0.000440957	0.000371621	0	0.00181428	593.81	575.096	2	1449	
3.1	3.2	1	19	9	3	276	138301	277	138374	0.000419378	0.000401781	0	0.00199286	499.545	602.302	2	1449	
3.1	3.2	3	20	6	3	110	10098	155	14298	0.000451174	0.000428384	0	0.00131428	92.2452	111.532	2	548	
3.1	3.2	2	21	13	3	349	1030	343	1006	0	0	0	0	2.93294	0.999207	2	4	
3.2	3.3	1	1	9	3	389	1158	386	1148	0	0	0	0	2.97409	1.00096	2	4	
3.2	3.3	2	2	10	3	877	135106	879	135175	0.000649405	0.000370446	0	0.00281428	153.783	101.002	2	907	
3.2	3.3	8	3	6	3	87	33656	89	33712	0.000411516	0.000380836	0	0.00131428	378.787	491.879	2	1449	
3.2	3.3	2	4	1	3	79	10525	88	10983	0.000492653	0.000361367	0	0.00204643	124.807	246.595	2	1449	
3.2	3.3	1	5	2	3	414	1132	401	1092	0	0	0	0	2.72319	0.962126	2	4	
3.2	3.3	1	6	6	3	187	65851	189	65921	0.000477229	0.000296764	0	0.00131428	348.788	325.978	2	1432	
3.2	3.3	2	7	3	3	1291	195857	1321	197462	0.000624628	0.000405061	0	0.00302857	149.479	175.236	2	1449	
3.2	3.3	1	8	1	3	85	16328	123	23834	0.000323983	0.000288061	0	0.00129643	193.772	184.299	2	1101	
3.2	3.3	1	9	1	3	423	922	421	918	0	0	0	0	2.18052	0.573793	2	4	
3.2	3.3	2	10	4	3	469	149342	484	151344	0.000601556	0.000413007	0	0.00156428	312.694	255.276	2	1449	
3.2	3.3	1	11	3	3	305	190369	307	190444	0.000359271	0.000389679	0	0.00131428	620.339	675.155	2	1449	
3.2	3.3	6	12	3	3	16	3056	21	3443	0.000278571	0.000275474	0	0.000564284	163.952	330.377	2	1149	
3.2	3.3	2	13	5	3	433	866	433	866	0	0	0	0	2	0	2	2	
3.2	3.3	2	14	12	3	1865	314221	1878	314407	0.000593801	0.000307286	0	0.00224286	167.416	127.242	2	774	
3.2	3.3	7	15	3	3	302	160085	304	160173	0.000405074	0.000385412	0	0.00131428	526.885	582.07	2	1449	
3.2	3.3	5	16	4	3	175	45786	213	50640	0.000344483	0.000287137	0	0.00129643	237.746	392.908	2	1449	
3.2	3.3	3	17	3	3	351	1082	341	1042	0	0	0	0	3.05572	0.999914	2	4	
3.2	3.3	8	18	2	3	894	534985	900	535180	0.000440666	0.000372644	0	0.00181428	594.644	575.227	2	1449	
3.2	3.3	8	19	3	3	299	148500	301	148575	0.000423469	0.000404616	0	0.00199286	493.605	591.018	2	1449	
3.2	3.3	3	20	6	3	123	13038	170	17735	0.000456701	0.000426039	0	0.00131428	104.324	126.815	2	548	
3.2	3.3	1	21	8	3	360	1064	354	1040	0	0	0	0	2.93785	0.99948	2	4	
3.3	3.4	2	1	9	3	403	1190	400	1180	0	0	0	0	2.95	1	2	4	
3.3	3.4	2	2	10	3	877	135106	879	135175	0.000649405	0.000370446	0	0.00281428	153.783	101.002	2	907	
3.3	3.4	8	3	6	3	116	43878	118	43934	0.000405054	0.00035714	0	0.00131428	372.322	457.174	2	1449	
3.3	3.4	1	4	10	3	86	11994	97	12660	0.000474925	0.000358282	0	0.00204643	130.515	251.445	2	1449	
3.3	3.4	3	5	2	3	427	1158	413	1116	0	0	0	0	2.70218	0.95578	2	4	
3.3	3.4	1	6	6	3	187	65851	189	65921	0.000477229	0.000296764	0	0.00131428	348.788	325.978	2	1432	
3.3	3.4	2	7	3	3	1357	205826	1391	207455	0.000628416	0.00041201	0	0.00302857	149.141	175.412	2	1449	
3.3	3.4	1	8	1	3	85	16328	123	23834	0.000323983	0.000288061	0	0.00129643	193.772	184.299	2	1101	
3.3	3.4	1	9	1	3	436	948	434	944	0	0	0	0	2.17512	0.565953	2	4	
3.3	3.4	2	10	4	3	469	149342	484	151344	0.000601556	0.000413007	0	0.00156428	312.694	255.276	2	1449	
3.3	3.4	1	11	3	3	305	190369	307	190444	0.000359271	0.000389679	0	0.00131428	620.339	675.155	2	1449	
3.3	3.4	6	12	3	3	16	3056	21	3443	0.000278571	0.000275474	0	0.000564284	163.952	330.377	2	1149	
3.3	3.4	1	13	5	3	447	894	446	892	0	0	0	0	2	0	2	2	
3.3	3.4	2	14	12	3	1865	314221	1878	314407	0.000593801	0.000307286	0	0.00224286	167.416	127.242	2	774	
3.3	3.4	7	15	3	3	326	171726	328	171814	0.000402765	0.000383786	0	0.00131428	523.823	581.038	2	1449	
3.3	3.4	1	16	14	3	182	47255	224	52406	0.000339923	0.000287293	0	0.00129643	233.955	387.851	2	1449	
3.3	3.4	3	17	3	3	364	1126	354	1086	0	0	0	0	3.0678	0.999111	2	4	
3.3	3.4	8	18	4	3	935	556811	941	557006	0.000439797	0.000370075	0	0.00181428	591.93	571.261	2	1449	
3.3	3.4	8	19	3	3	317	160119	319	160194	0.0004192	0.000401313	0	0.00199286	502.176	594.987	2	1449	
3.3	3.4	3	20	6	3	132	14516	179	19213	0.000463886	0.000427448	0	0.00131428	107.335	132.37	2	570	
3.3	3.4	1	21	13	3	373	1106	366	1080	0	0	0	0	2.95082	1.00016	2	4	
3.4	3.5	1	1	9	3	416	1224	412	1212	0	0	0	0	2.94175	0.999516	2	4	
3.4	3.5	1	2	21	3	878	135108	880	135177	0.000648667	0.000370882	0	0.00281428	153.61	101.074	2	907	
3.4	3.5	8	3	6	3	140	55525	142	55581	0.00041089	0.000352377	0	0.00131428	391.415	473.257	2	1449	
3.4	3.5	4	4	4	3	99	14936	113	16348	0.000472344	0.000352824	0	0.00204643	144.673	245.879	2	1449	
3.4	3.5	1	5	2	3	441	1192	427	1150	0	0	0	0	2.69321	0.952893	2	4	
3.4	3.5	1	6	6	3	187	65851	189	65921	0.000477229	0.000296764	0	0.00131428	348.788	325.978	2	1432	
3.4	3.5	1	7	3	3	1389	216461	1424	218464	0.00062709	0.000411827	0	0.00302857	153.416	181.657	2	1449	
3.4	3.5	1	8	1	3	85	16328	123	23834	0.000323983	0.000288061	0	0.00129643	193.772	184.299	2	1101	
3.4	3.5	5	9	1	3	449	984	447	980	0	0	0	0	2.19239	0.590383	2	4	
3.4	3.5	2	10	4	3	469	149342	484	151344	0.000601556	0.000413007	0	0.00156428	312.694	255.276	2	1449	
3.4	3.5	6	11	4	3	316	197632	318	197707	0.000362162	0.000388399	0	0.00131428	621.72	675.057	2	1449	
3.4	3.5	6	12	3	3	16	3056	21	3443	0.000278571	0.000275474	0	0.000564284	163.952	330.377	2	1149	
3.4	3.5	2	13	5	3	460	920	460	920	0	0	0	0	2	0	2	2	
3.4	3.5	2	14	12	3	1865	314221	1878	314407	0.000593801	0.000307286	0	0.00224286	167.416	127.242	2	774	
3.4	3.5	7	15	3	3	352	181934	354	182022	0.000410148	0.000388722	0	0.00131428	514.186	572.521	2	1449	
3.4	3.5	5	16	4	3	192	50159	236	55463	0.000344158	0.000285845	0	0.00129643	235.013	386.982	2	1449	
3.4	3.5	1	17	3	3	378	1172	367	1130	0	0	0	0	3.07902	0.998234	2	4	
3.4	3.5	8	18	2	3	969	578604	975	578799	0.000439439	0.00036995	0	0.00181428	593.64	572.722	2	1449	
3.4	3.5	8	19	3	3	336	170292	338	170367	0.000414021	0.000400373	0	0.00199286	504.044	597.936	2	1449	
3.4	3.5	3	20	6	3	147	17464	195	22616	0.000463167	0.00041424	0	0.00131428	115.979	148.586	2	686	
3.4	3.5	1	21	8	3	381	1130	374	1102	0	0	0	0	2.94652	0.999907	2	4	
