% time	cellId	IMSI	frame	sframe	RNTI	mcs	size	ccId
0.12	0	0	13	1	5	0	349	0
0.121	0	0	13	2	11	0	349	0
0.122	0	0	13	3	8	0	349	0
0.123	0	0	13	4	12	0	349	0
0.124	0	0	13	5	15	0	349	0
0.125	0	0	13	6	20	0	349	0
0.126	0	0	13	7	5	0	349	0
0.127	0	0	13	8	11	0	349	0
0.128	0	0	13	9	8	0	349	0
0.129	0	0	13	10	12	0	349	0
0.13	0	0	14	1	15	0	349	0
0.131	0	0	14	2	20	0	349	0
0.133	0	0	14	4	3	0	349	0
0.134	0	0	14	5	4	0	349	0
0.135	0	0	14	6	7	0	349	0
0.136	0	0	14	7	9	0	349	0
0.137	0	0	14	8	10	0	349	0
0.138	0	0	14	9	19	0	349	0
0.139	0	0	14	10	11	0	349	0
0.14	0	0	15	1	8	0	349	0
0.141	0	0	15	2	12	0	349	0
0.142	0	0	15	3	2	0	349	0
0.143	0	0	15	4	18	0	349	0
0.144	0	0	15	5	15	0	349	0
0.145	0	0	15	6	20	0	349	0
0.146	0	0	15	7	5	0	349	0
0.15	0	0	16	1	15	0	349	0
0.151	0	0	16	2	20	0	349	0
0.152	0	0	16	3	5	0	349	0
0.159	0	0	16	10	11	0	349	0
0.16	0	0	17	1	8	0	349	0
0.161	0	0	17	2	12	0	349	0
0.162	0	0	17	3	15	0	349	0
0.163	0	0	17	4	20	0	349	0
0.164	0	0	17	5	5	0	349	0
0.165	0	0	17	6	11	0	349	0
0.166	0	0	17	7	8	0	349	0
0.167	0	0	17	8	12	0	349	0
0.168	0	0	17	9	15	0	349	0
0.169	0	0	17	10	20	0	349	0
0.17	0	0	18	1	5	0	349	0
0.177	0	0	18	8	11	0	349	0
0.178	0	0	18	9	8	0	349	0
0.179	0	0	18	10	12	0	349	0
0.18	0	0	19	1	15	0	349	0
0.181	0	0	19	2	20	0	349	0
0.182	0	0	19	3	5	0	349	0
0.183	0	0	19	4	11	0	349	0
0.184	0	0	19	5	8	0	349	0
0.185	0	0	19	6	12	0	349	0
0.186	0	0	19	7	15	0	349	0
0.187	0	0	19	8	20	0	349	0
0.188	0	0	19	9	5	0	349	0
0.195	0	0	20	6	11	0	349	0
0.196	0	0	20	7	8	0	349	0
0.197	0	0	20	8	12	0	349	0
0.198	0	0	20	9	15	0	349	0
0.199	0	0	20	10	20	0	349	0
0.2	0	0	21	1	5	0	349	0
0.201	0	0	21	2	11	0	349	0
0.202	0	0	21	3	8	0	349	0
0.203	0	0	21	4	12	0	349	0
0.204	0	0	21	5	15	0	349	0
0.205	0	0	21	6	20	0	349	0
0.206	0	0	21	7	5	0	349	0
0.213	0	0	22	4	11	0	349	0
0.214	0	0	22	5	8	0	349	0
0.215	0	0	22	6	12	0	349	0
0.216	0	0	22	7	15	0	349	0
0.217	0	0	22	8	20	0	349	0
0.218	0	0	22	9	5	0	349	0
0.219	0	0	22	10	11	0	349	0
0.22	0	0	23	1	8	0	349	0
0.221	0	0	23	2	12	0	349	0
0.222	0	0	23	3	15	0	349	0
0.223	0	0	23	4	20	0	349	0
0.224	0	0	23	5	5	0	349	0
0.231	0	0	24	2	11	0	349	0
0.232	0	0	24	3	8	0	349	0
0.233	0	0	24	4	12	0	349	0
0.234	0	0	24	5	15	0	349	0
0.235	0	0	24	6	20	0	349	0
0.236	0	0	24	7	5	0	349	0
0.237	0	0	24	8	11	0	349	0
0.238	0	0	24	9	8	0	349	0
0.239	0	0	24	10	12	0	349	0
0.24	0	0	25	1	15	0	349	0
0.241	0	0	25	2	20	0	349	0
0.242	0	0	25	3	5	0	349	0
0.249	0	0	25	10	11	0	349	0
0.25	0	0	26	1	4	0	349	0
0.251	0	0	26	2	8	0	349	0
0.252	0	0	26	3	12	0	349	0
0.253	0	0	26	4	15	0	349	0
0.254	0	0	26	5	20	0	349	0
0.255	0	0	26	6	5	0	349	0
0.256	0	0	26	7	11	0	349	0
0.257	0	0	26	8	8	0	349	0
0.258	0	0	26	9	12	0	349	0
0.259	0	0	26	10	15	0	349	0
0.26	0	0	27	1	20	0	349	0
0.261	0	0	27	2	5	0	349	0
0.268	0	0	27	9	11	0	349	0
0.269	0	0	27	10	8	0	349	0
0.27	0	0	28	1	12	0	349	0
0.271	0	0	28	2	15	0	349	0
0.272	0	0	28	3	20	0	349	0
0.273	0	0	28	4	5	0	349	0
0.274	0	0	28	5	11	0	349	0
0.275	0	0	28	6	8	0	349	0
0.276	0	0	28	7	12	0	349	0
0.277	0	0	28	8	4	0	349	0
0.278	0	0	28	9	15	0	349	0
0.279	0	0	28	10	20	0	349	0
0.28	0	0	29	1	5	0	349	0
0.282	0	0	29	3	4	0	349	0
0.288	0	0	29	9	11	0	349	0
0.289	0	0	29	10	8	0	349	0
0.29	0	0	30	1	12	0	349	0
0.291	0	0	30	2	15	0	349	0
0.292	0	0	30	3	20	0	349	0
0.293	0	0	30	4	5	0	349	0
0.294	0	0	30	5	11	0	349	0
0.295	0	0	30	6	8	0	349	0
0.296	0	0	30	7	12	0	349	0
0.297	0	0	30	8	15	0	349	0
0.298	0	0	30	9	20	0	349	0
0.299	0	0	30	10	5	0	349	0
0.306	0	0	31	7	11	0	349	0
0.307	0	0	31	8	8	0	349	0
0.308	0	0	31	9	12	0	349	0
0.309	0	0	31	10	15	0	349	0
0.31	0	0	32	1	20	0	349	0
0.311	0	0	32	2	5	0	349	0
0.312	0	0	32	3	11	0	349	0
0.313	0	0	32	4	8	0	349	0
0.314	0	0	32	5	12	0	349	0
0.315	0	0	32	6	15	0	349	0
0.316	0	0	32	7	20	0	349	0
0.317	0	0	32	8	5	0	349	0
0.324	0	0	33	5	4	26	7708	0
0.325	0	0	33	6	11	0	349	0
0.326	0	0	33	7	8	0	349	0
0.327	0	0	33	8	12	0	349	0
0.328	0	0	33	9	15	0	349	0
0.329	0	0	33	10	20	0	349	0
0.33	0	0	34	1	4	26	7708	0
0.331	0	0	34	2	5	26	7708	0
0.332	0	0	34	3	11	26	7708	0
0.333	0	0	34	4	8	26	7708	0
0.334	0	0	34	5	12	24	6882	0
0.335	0	0	34	6	15	26	7708	0
0.336	0	0	34	7	20	0	349	0
0.337	0	0	34	8	5	26	7708	0
0.344	0	0	35	5	11	26	7708	0
0.345	0	0	35	6	10	28	9422	0
0.346	0	0	35	7	8	26	7708	0
0.347	0	0	35	8	12	24	6882	0
0.348	0	0	35	9	15	26	7708	0
0.349	0	0	35	10	20	28	9422	0
0.35	0	0	36	1	4	26	7708	0
0.351	0	0	36	2	4	26	7708	0
0.352	0	0	36	3	5	26	7708	0
0.359	0	0	36	10	5	26	7708	0
0.367	0	0	37	8	11	26	7708	0
0.368	0	0	37	9	8	26	7708	0
0.369	0	0	37	10	12	24	6882	0
0.37	0	0	38	1	15	26	7708	0
0.371	0	0	38	2	20	28	9422	0
0.372	0	0	38	3	5	26	7708	0
0.373	0	0	38	4	11	26	7708	0
0.374	0	0	38	5	8	26	7708	0
0.375	0	0	38	6	12	24	6882	0
0.376	0	0	38	7	15	26	7708	0
0.377	0	0	38	8	20	28	9422	0
0.378	0	0	38	9	4	26	7708	0
0.379	0	0	38	10	4	26	7708	0
0.388	0	0	39	9	11	26	7708	0
0.389	0	0	39	10	8	26	7708	0
0.39	0	0	40	1	12	24	6882	0
0.391	0	0	40	2	15	26	7708	0
0.393	0	0	40	4	20	28	9422	0
0.394	0	0	40	5	5	26	7708	0
0.395	0	0	40	6	11	26	7708	0
0.396	0	0	40	7	8	26	7708	0
0.397	0	0	40	8	12	24	6882	0
0.398	0	0	40	9	15	26	7708	0
0.399	0	0	40	10	20	28	9422	0
0.4	0	0	41	1	5	26	7708	0
0.406	0	0	41	7	4	26	7708	0
0.408	0	0	41	9	11	26	7708	0
0.409	0	0	41	10	8	26	7708	0
0.41	0	0	42	1	12	24	6882	0
0.411	0	0	42	2	15	26	7708	0
0.412	0	0	42	3	20	28	9422	0
0.413	0	0	42	4	4	26	7708	0
0.414	0	0	42	5	5	26	7708	0
0.415	0	0	42	6	11	26	7708	0
0.416	0	0	42	7	8	26	7708	0
0.417	0	0	42	8	12	24	6882	0
0.418	0	0	42	9	15	26	7708	0
0.421	0	0	43	2	5	26	7708	0
0.428	0	0	43	9	11	26	7708	0
0.429	0	0	43	10	8	26	7708	0
0.43	0	0	44	1	12	24	6882	0
0.431	0	0	44	2	15	26	7708	0
0.432	0	0	44	3	20	28	9422	0
0.433	0	0	44	4	5	26	7708	0
0.434	0	0	44	5	11	26	7708	0
0.435	0	0	44	6	8	26	7708	0
0.436	0	0	44	7	12	24	6882	0
0.437	0	0	44	8	15	26	7708	0
0.438	0	0	44	9	20	28	9422	0
0.439	0	0	44	10	4	26	7708	0
0.44	0	0	45	1	4	26	7708	0
0.446	0	0	45	7	4	26	7708	0
0.449	0	0	45	10	11	26	7708	0
0.45	0	0	46	1	8	26	7708	0
0.451	0	0	46	2	12	24	6882	0
0.452	0	0	46	3	15	26	7708	0
0.453	0	0	46	4	20	28	9422	0
0.455	0	0	46	6	5	26	7708	0
0.456	0	0	46	7	21	28	9422	0
0.46	0	0	47	1	4	26	7708	0
0.461	0	0	47	2	21	28	9422	0
0.467	0	0	47	8	4	26	7708	0
0.472	0	0	48	3	11	26	7708	0
0.473	0	0	48	4	8	26	7708	0
0.474	0	0	48	5	12	24	6882	0
0.475	0	0	48	6	15	26	7708	0
0.476	0	0	48	7	21	28	9422	0
0.477	0	0	48	8	20	28	9422	0
0.478	0	0	48	9	5	26	7708	0
0.479	0	0	48	10	11	26	7708	0
0.48	0	0	49	1	8	26	7708	0
0.481	0	0	49	2	21	28	9422	0
0.482	0	0	49	3	21	28	9422	0
0.494	0	0	50	5	11	26	7708	0
0.495	0	0	50	6	4	26	7708	0
0.496	0	0	50	7	21	28	9422	0
0.497	0	0	50	8	8	26	7708	0
0.498	0	0	50	9	12	24	6882	0
0.499	0	0	50	10	15	26	7708	0
0.5	0	0	51	1	20	28	9422	0
0.501	0	0	51	2	4	26	7708	0
0.502	0	0	51	3	5	26	7708	0
0.504	0	0	51	5	8	26	7708	0
0.505	0	0	51	6	12	24	6882	0
0.506	0	0	51	7	15	26	7708	0
0.507	0	0	51	8	20	28	9422	0
0.508	0	0	51	9	18	28	9422	0
0.513	0	0	52	4	18	28	9422	0
0.515	0	0	52	6	4	26	7708	0
0.519	0	0	52	10	11	26	7708	0
0.52	0	0	53	1	8	26	7708	0
0.521	0	0	53	2	12	24	6882	0
0.522	0	0	53	3	15	26	7708	0
0.523	0	0	53	4	20	28	9422	0
0.524	0	0	53	5	5	26	7708	0
0.525	0	0	53	6	11	26	7708	0
0.526	0	0	53	7	8	26	7708	0
0.527	0	0	53	8	12	24	6882	0
0.529	0	0	53	10	15	26	7708	0
0.53	0	0	54	1	20	28	9422	0
0.531	0	0	54	2	5	26	7708	0
0.532	0	0	54	3	18	28	9422	0
0.536	0	0	54	7	4	26	7708	0
0.538	0	0	54	9	18	28	9422	0
0.539	0	0	54	10	21	28	9422	0
0.542	0	0	55	3	5	26	7708	0
0.543	0	0	55	4	11	26	7708	0
0.544	0	0	55	5	21	28	9422	0
0.545	0	0	55	6	8	26	7708	0
0.547	0	0	55	8	12	24	6882	0
0.548	0	0	55	9	15	26	7708	0
0.549	0	0	55	10	20	28	9422	0
0.554	0	0	56	5	12	24	6882	0
0.555	0	0	56	6	15	26	7708	0
0.556	0	0	56	7	20	28	9422	0
0.558	0	0	56	9	18	28	9422	0
0.559	0	0	56	10	21	28	9422	0
0.562	0	0	57	3	18	28	9422	0
0.564	0	0	57	5	18	28	9422	0
0.565	0	0	57	6	21	28	9422	0
0.567	0	0	57	8	15	26	7708	0
0.569	0	0	57	10	4	26	7708	0
0.57	0	0	58	1	4	26	7708	0
0.572	0	0	58	3	20	28	9422	0
0.573	0	0	58	4	5	26	7708	0
0.574	0	0	58	5	11	26	7708	0
0.575	0	0	58	6	8	26	7708	0
0.576	0	0	58	7	4	26	7708	0
0.577	0	0	58	8	18	28	9422	0
0.578	0	0	58	9	21	28	9422	0
0.579	0	0	58	10	12	24	6882	0
0.584	0	0	59	5	21	28	9422	0
0.585	0	0	59	6	21	28	9422	0
0.591	0	0	60	2	15	26	7708	0
0.592	0	0	60	3	20	28	9422	0
0.593	0	0	60	4	5	26	7708	0
0.594	0	0	60	5	11	26	7708	0
0.595	0	0	60	6	8	26	7708	0
0.596	0	0	60	7	18	28	9422	0
0.597	0	0	60	8	4	26	7708	0
0.598	0	0	60	9	21	28	9422	0
0.599	0	0	60	10	12	24	6882	0
0.603	0	0	61	4	18	28	9422	0
0.605	0	0	61	6	21	28	9422	0
0.611	0	0	62	2	20	28	9422	0
0.612	0	0	62	3	5	26	7708	0
0.613	0	0	62	4	11	26	7708	0
0.614	0	0	62	5	8	26	7708	0
0.616	0	0	62	7	18	28	9422	0
0.617	0	0	62	8	4	26	7708	0
0.618	0	0	62	9	15	26	7708	0
0.623	0	0	63	4	18	28	9422	0
0.624	0	0	63	5	12	24	6882	0
0.625	0	0	63	6	15	26	7708	0
0.63	0	0	64	1	12	24	6882	0
0.632	0	0	64	3	20	28	9422	0
0.633	0	0	64	4	5	26	7708	0
0.634	0	0	64	5	11	26	7708	0
0.635	0	0	64	6	8	26	7708	0
0.637	0	0	64	8	18	28	9422	0
0.638	0	0	64	9	21	28	9422	0
0.639	0	0	64	10	4	26	7708	0
0.64	0	0	65	1	18	28	9422	0
0.641	0	0	65	2	15	26	7708	0
0.644	0	0	65	5	4	26	7708	0
0.645	0	0	65	6	21	28	9422	0
0.648	0	0	65	9	12	24	6882	0
0.652	0	0	66	3	20	28	9422	0
0.654	0	0	66	5	5	26	7708	0
0.655	0	0	66	6	11	26	7708	0
0.656	0	0	66	7	8	26	7708	0
0.658	0	0	66	9	4	26	7708	0
0.659	0	0	66	10	21	28	9422	0
0.66	0	0	67	1	18	28	9422	0
0.661	0	0	67	2	15	26	7708	0
0.665	0	0	67	6	4	26	7708	0
0.666	0	0	67	7	21	28	9422	0
0.668	0	0	67	9	12	24	6882	0
0.671	0	0	68	2	20	28	9422	0
0.672	0	0	68	3	5	26	7708	0
0.674	0	0	68	5	11	26	7708	0
0.675	0	0	68	6	8	26	7708	0
0.678	0	0	68	9	20	28	9422	0
0.679	0	0	68	10	5	26	7708	0
0.68	0	0	69	1	21	28	9422	0
0.681	0	0	69	2	18	28	9422	0
0.682	0	0	69	3	21	28	9422	0
0.686	0	0	69	7	4	26	7708	0
0.687	0	0	69	8	15	26	7708	0
0.693	0	0	70	4	4	26	7708	0
0.694	0	0	70	5	12	24	6882	0
0.696	0	0	70	7	20	28	9422	0
0.697	0	0	70	8	5	26	7708	0
0.698	0	0	70	9	11	26	7708	0
0.699	0	0	70	10	8	26	7708	0
0.7	0	0	71	1	12	24	6882	0
0.702	0	0	71	3	20	28	9422	0
0.703	0	0	71	4	5	26	7708	0
0.704	0	0	71	5	11	26	7708	0
0.705	0	0	71	6	8	26	7708	0
0.706	0	0	71	7	4	26	7708	0
0.707	0	0	71	8	21	28	9422	0
0.709	0	0	71	10	15	26	7708	0
0.714	0	0	72	5	12	24	6882	0
0.715	0	0	72	6	15	26	7708	0
0.716	0	0	72	7	20	28	9422	0
0.717	0	0	72	8	5	26	7708	0
0.718	0	0	72	9	11	26	7708	0
0.719	0	0	72	10	8	26	7708	0
0.72	0	0	73	1	12	24	6882	0
0.723	0	0	73	4	20	28	9422	0
0.724	0	0	73	5	5	26	7708	0
0.725	0	0	73	6	11	26	7708	0
0.726	0	0	73	7	8	26	7708	0
0.727	0	0	73	8	18	28	9422	0
0.728	0	0	73	9	4	26	7708	0
0.729	0	0	73	10	18	28	9422	0
0.731	0	0	74	2	18	28	9422	0
0.732	0	0	74	3	15	26	7708	0
0.733	0	0	74	4	18	28	9422	0
0.734	0	0	74	5	4	26	7708	0
0.735	0	0	74	6	20	28	9422	0
0.736	0	0	74	7	21	28	9422	0
0.737	0	0	74	8	5	26	7708	0
0.738	0	0	74	9	11	26	7708	0
0.741	0	0	75	2	21	28	9422	0
0.742	0	0	75	3	8	26	7708	0
0.744	0	0	75	5	12	24	6882	0
0.747	0	0	75	8	4	26	7708	0
0.752	0	0	76	3	18	28	9422	0
0.754	0	0	76	5	15	26	7708	0
0.756	0	0	76	7	20	28	9422	0
0.757	0	0	76	8	5	26	7708	0
0.758	0	0	76	9	11	26	7708	0
0.763	0	0	77	4	20	28	9422	0
0.764	0	0	77	5	5	26	7708	0
0.765	0	0	77	6	11	26	7708	0
0.766	0	0	77	7	8	26	7708	0
0.767	0	0	77	8	4	26	7708	0
0.768	0	0	77	9	21	28	9422	0
0.769	0	0	77	10	12	24	6882	0
0.775	0	0	78	6	12	24	6882	0
0.776	0	0	78	7	15	26	7708	0
0.777	0	0	78	8	20	28	9422	0
0.778	0	0	78	9	5	26	7708	0
0.779	0	0	78	10	11	26	7708	0
0.78	0	0	79	1	18	28	9422	0
0.79	0	0	80	1	21	28	9422	0
0.793	0	0	80	4	8	26	7708	0
0.794	0	0	80	5	12	24	6882	0
0.795	0	0	80	6	15	26	7708	0
0.797	0	0	80	8	20	28	9422	0
0.798	0	0	80	9	5	26	7708	0
0.799	0	0	80	10	11	26	7708	0
0.8	0	0	81	1	8	26	7708	0
0.801	0	0	81	2	12	24	6882	0
0.802	0	0	81	3	4	26	7708	0
0.807	0	0	81	8	17	28	9422	0
0.809	0	0	81	10	21	28	9422	0
0.814	0	0	82	5	18	28	9422	0
0.818	0	0	82	9	8	26	7708	0
0.819	0	0	82	10	12	24	6882	0
0.82	0	0	83	1	15	26	7708	0
0.821	0	0	83	2	20	28	9422	0
0.822	0	0	83	3	4	26	7708	0
0.823	0	0	83	4	5	26	7708	0
0.824	0	0	83	5	11	26	7708	0
0.825	0	0	83	6	8	26	7708	0
0.826	0	0	83	7	12	24	6882	0
0.827	0	0	83	8	15	26	7708	0
0.828	0	0	83	9	20	28	9422	0
0.829	0	0	83	10	5	26	7708	0
0.83	0	0	84	1	11	26	7708	0
0.834	0	0	84	5	17	28	9422	0
0.837	0	0	84	8	21	28	9422	0
0.839	0	0	84	10	8	26	7708	0
0.84	0	0	85	1	12	24	6882	0
0.841	0	0	85	2	18	28	9422	0
0.842	0	0	85	3	18	28	9422	0
0.843	0	0	85	4	15	26	7708	0
0.844	0	0	85	5	20	28	9422	0
0.845	0	0	85	6	5	26	7708	0
0.846	0	0	85	7	11	26	7708	0
0.848	0	0	85	9	18	28	9422	0
0.849	0	0	85	10	4	26	7708	0
0.856	0	0	86	7	4	26	7708	0
0.859	0	0	86	10	8	26	7708	0
0.86	0	0	87	1	12	24	6882	0
0.861	0	0	87	2	17	28	9422	0
0.862	0	0	87	3	18	28	9422	0
0.863	0	0	87	4	15	26	7708	0
0.864	0	0	87	5	21	28	9422	0
0.865	0	0	87	6	21	28	9422	0
0.866	0	0	87	7	20	28	9422	0
0.867	0	0	87	8	5	26	7708	0
0.868	0	0	87	9	11	26	7708	0
0.87	0	0	88	1	4	26	7708	0
0.871	0	0	88	2	21	28	9422	0
0.876	0	0	88	7	4	26	7708	0
0.88	0	0	89	1	8	26	7708	0
0.881	0	0	89	2	12	24	6882	0
0.882	0	0	89	3	18	28	9422	0
0.884	0	0	89	5	15	26	7708	0
0.885	0	0	89	6	20	28	9422	0
0.886	0	0	89	7	5	26	7708	0
0.887	0	0	89	8	11	26	7708	0
0.888	0	0	89	9	17	28	9422	0
0.89	0	0	90	1	4	26	7708	0
0.892	0	0	90	3	21	28	9422	0
0.897	0	0	90	8	4	26	7708	0
0.898	0	0	90	9	21	28	9422	0
0.9	0	0	91	1	8	26	7708	0
0.901	0	0	91	2	12	24	6882	0
0.902	0	0	91	3	18	28	9422	0
0.904	0	0	91	5	15	26	7708	0
0.905	0	0	91	6	20	28	9422	0
0.906	0	0	91	7	5	26	7708	0
0.907	0	0	91	8	11	26	7708	0
0.91	0	0	92	1	4	26	7708	0
0.911	0	0	92	2	21	28	9422	0
0.915	0	0	92	6	17	28	9422	0
0.918	0	0	92	9	8	26	7708	0
0.919	0	0	92	10	12	24	6882	0
0.928	0	0	93	9	15	26	7708	0
0.93	0	0	94	1	18	28	9422	0
0.931	0	0	94	2	20	28	9422	0
0.932	0	0	94	3	5	26	7708	0
0.933	0	0	94	4	11	26	7708	0
0.937	0	0	94	8	20	28	9422	0
0.938	0	0	94	9	4	26	7708	0
0.939	0	0	94	10	5	26	7708	0
0.94	0	0	95	1	11	26	7708	0
0.941	0	0	95	2	8	26	7708	0
0.942	0	0	95	3	12	24	6882	0
0.943	0	0	95	4	17	28	9422	0
0.944	0	0	95	5	10	28	9422	0
0.945	0	0	95	6	21	28	9422	0
0.947	0	0	95	8	15	26	7708	0
0.953	0	0	96	4	9	24	6882	0
0.958	0	0	96	9	20	28	9422	0
0.959	0	0	96	10	5	26	7708	0
0.96	0	0	97	1	11	26	7708	0
0.961	0	0	97	2	8	26	7708	0
0.962	0	0	97	3	12	24	6882	0
0.964	0	0	97	5	20	28	9422	0
0.965	0	0	97	6	5	26	7708	0
0.966	0	0	97	7	11	26	7708	0
0.967	0	0	97	8	8	26	7708	0
0.968	0	0	97	9	12	24	6882	0
0.969	0	0	97	10	15	26	7708	0
0.971	0	0	98	2	17	28	9422	0
0.972	0	0	98	3	18	28	9422	0
0.973	0	0	98	4	18	28	9422	0
0.974	0	0	98	5	4	26	7708	0
0.979	0	0	98	10	18	28	9422	0
0.98	0	0	99	1	9	24	6882	0
0.985	0	0	99	6	20	28	9422	0
0.988	0	0	99	9	5	26	7708	0
0.989	0	0	99	10	11	26	7708	0
0.99	0	0	100	1	8	26	7708	0
0.991	0	0	100	2	12	24	6882	0
0.992	0	0	100	3	15	26	7708	0
0.995	0	0	100	6	4	26	7708	0
1.001	0	0	101	2	18	28	9422	0
1.004	0	0	101	5	17	28	9422	0
1.007	0	0	101	8	9	24	6882	0
1.008	0	0	101	9	8	26	7708	0
1.009	0	0	101	10	12	24	6882	0
1.01	0	0	102	1	15	26	7708	0
1.012	0	0	102	3	20	28	9422	0
1.013	0	0	102	4	4	26	7708	0
1.014	0	0	102	5	5	26	7708	0
1.015	0	0	102	6	11	26	7708	0
1.019	0	0	102	10	18	28	9422	0
1.022	0	0	103	3	17	28	9422	0
1.026	0	0	103	7	8	26	7708	0
1.027	0	0	103	8	12	24	6882	0
1.028	0	0	103	9	15	26	7708	0
1.034	0	0	104	5	9	24	6882	0
1.038	0	0	104	9	20	28	9422	0
1.039	0	0	104	10	5	26	7708	0
1.04	0	0	105	1	4	26	7708	0
1.041	0	0	105	2	11	26	7708	0
1.045	0	0	105	6	20	28	9422	0
1.046	0	0	105	7	18	28	9422	0
1.048	0	0	105	9	17	28	9422	0
1.05	0	0	106	1	8	26	7708	0
1.051	0	0	106	2	12	24	6882	0
1.052	0	0	106	3	17	28	9422	0
1.053	0	0	106	4	15	26	7708	0
1.057	0	0	106	8	8	26	7708	0
1.058	0	0	106	9	12	24	6882	0
1.061	0	0	107	2	4	26	7708	0
1.062	0	0	107	3	9	24	6882	0
1.064	0	0	107	5	20	28	9422	0
1.065	0	0	107	6	5	26	7708	0
1.066	0	0	107	7	11	26	7708	0
1.07	0	0	108	1	20	28	9422	0
1.071	0	0	108	2	5	26	7708	0
1.072	0	0	108	3	11	26	7708	0
1.073	0	0	108	4	18	28	9422	0
1.076	0	0	108	7	8	26	7708	0
1.077	0	0	108	8	12	24	6882	0
1.078	0	0	108	9	15	26	7708	0
1.081	0	0	109	2	17	28	9422	0
1.082	0	0	109	3	4	26	7708	0
1.084	0	0	109	5	11	26	7708	0
1.088	0	0	109	9	4	26	7708	0
1.089	0	0	109	10	9	24	6882	0
1.091	0	0	110	2	20	28	9422	0
1.092	0	0	110	3	5	26	7708	0
1.094	0	0	110	5	8	26	7708	0
1.096	0	0	110	7	12	24	6882	0
1.097	0	0	110	8	15	26	7708	0
1.098	0	0	110	9	20	28	9422	0
1.099	0	0	110	10	5	26	7708	0
1.101	0	0	111	2	4	26	7708	0
1.102	0	0	111	3	18	28	9422	0
1.107	0	0	111	8	17	28	9422	0
1.108	0	0	111	9	18	28	9422	0
1.109	0	0	111	10	20	28	9422	0
1.11	0	0	112	1	5	26	7708	0
1.111	0	0	112	2	11	26	7708	0
1.112	0	0	112	3	8	26	7708	0
1.115	0	0	112	6	15	26	7708	0
1.117	0	0	112	8	9	24	6882	0
1.12	0	0	113	1	18	28	9422	0
1.124	0	0	113	5	12	24	6882	0
1.129	0	0	113	10	4	26	7708	0
1.13	0	0	114	1	11	26	7708	0
1.131	0	0	114	2	8	26	7708	0
1.133	0	0	114	4	15	26	7708	0
1.134	0	0	114	5	20	28	9422	0
1.135	0	0	114	6	5	26	7708	0
1.137	0	0	114	8	11	26	7708	0
1.138	0	0	114	9	8	26	7708	0
1.14	0	0	115	1	15	26	7708	0
1.141	0	0	115	2	20	28	9422	0
1.142	0	0	115	3	17	28	9422	0
1.144	0	0	115	5	9	24	6882	0
1.146	0	0	115	7	18	28	9422	0
1.149	0	0	115	10	4	26	7708	0
1.15	0	0	116	1	12	24	6882	0
1.151	0	0	116	2	15	26	7708	0
1.153	0	0	116	4	14	24	6882	0
1.154	0	0	116	5	20	28	9422	0
1.155	0	0	116	6	5	26	7708	0
1.156	0	0	116	7	4	26	7708	0
1.159	0	0	116	10	11	26	7708	0
1.16	0	0	117	1	8	26	7708	0
1.164	0	0	117	5	17	28	9422	0
1.166	0	0	117	7	18	28	9422	0
1.168	0	0	117	9	3	24	6882	0
1.17	0	0	118	1	4	26	7708	0
1.171	0	0	118	2	9	24	6882	0
1.172	0	0	118	3	12	24	6882	0
1.173	0	0	118	4	15	26	7708	0
1.174	0	0	118	5	20	28	9422	0
1.175	0	0	118	6	5	26	7708	0
1.177	0	0	118	8	4	26	7708	0
1.179	0	0	118	10	11	26	7708	0
1.18	0	0	119	1	8	26	7708	0
1.187	0	0	119	8	18	28	9422	0
1.19	0	0	120	1	12	24	6882	0
1.191	0	0	120	2	15	26	7708	0
1.192	0	0	120	3	20	28	9422	0
1.193	0	0	120	4	5	26	7708	0
1.196	0	0	120	7	3	24	6882	0
1.198	0	0	120	9	17	28	9422	0
1.199	0	0	120	10	9	24	6882	0
1.205	0	0	121	6	11	26	7708	0
1.206	0	0	121	7	8	26	7708	0
1.209	0	0	121	10	15	26	7708	0
1.21	0	0	122	1	20	28	9422	0
1.211	0	0	122	2	5	26	7708	0
1.212	0	0	122	3	6	28	9422	0
1.213	0	0	122	4	4	26	7708	0
1.216	0	0	122	7	12	24	6882	0
1.218	0	0	122	9	4	26	7708	0
1.223	0	0	123	4	18	28	9422	0
1.226	0	0	123	7	9	24	6882	0
1.228	0	0	123	9	3	24	6882	0
1.229	0	0	123	10	15	26	7708	0
1.23	0	0	124	1	20	28	9422	0
1.231	0	0	124	2	6	28	9422	0
1.232	0	0	124	3	5	26	7708	0
1.233	0	0	124	4	11	26	7708	0
1.234	0	0	124	5	8	26	7708	0
1.235	0	0	124	6	12	24	6882	0
1.236	0	0	124	7	15	26	7708	0
1.245	0	0	125	6	4	26	7708	0
1.246	0	0	125	7	18	28	9422	0
1.248	0	0	125	9	15	26	7708	0
1.249	0	0	125	10	20	28	9422	0
1.25	0	0	126	1	5	26	7708	0
1.251	0	0	126	2	11	26	7708	0
1.252	0	0	126	3	4	26	7708	0
1.253	0	0	126	4	8	26	7708	0
1.254	0	0	126	5	12	24	6882	0
1.255	0	0	126	6	15	26	7708	0
1.256	0	0	126	7	20	28	9422	0
1.257	0	0	126	8	5	26	7708	0
1.258	0	0	126	9	11	26	7708	0
1.259	0	0	126	10	6	28	9422	0
1.26	0	0	127	1	9	24	6882	0
1.263	0	0	127	4	3	24	6882	0
1.264	0	0	127	5	18	28	9422	0
1.265	0	0	127	6	6	28	9422	0
1.266	0	0	127	7	6	28	9422	0
1.267	0	0	127	8	9	24	6882	0
1.268	0	0	127	9	4	26	7708	0
1.27	0	0	128	1	15	26	7708	0
1.271	0	0	128	2	20	28	9422	0
1.273	0	0	128	4	5	26	7708	0
1.274	0	0	128	5	11	26	7708	0
1.275	0	0	128	6	8	26	7708	0
1.276	0	0	128	7	12	24	6882	0
1.278	0	0	128	9	6	28	9422	0
1.28	0	0	129	1	6	28	9422	0
1.281	0	0	129	2	9	24	6882	0
1.283	0	0	129	4	14	24	6882	0
1.284	0	0	129	5	18	28	9422	0
1.29	0	0	130	1	15	26	7708	0
1.291	0	0	130	2	20	28	9422	0
1.292	0	0	130	3	5	26	7708	0
1.296	0	0	130	7	11	26	7708	0
1.297	0	0	130	8	3	24	6882	0
1.298	0	0	130	9	17	28	9422	0
1.299	0	0	130	10	17	28	9422	0
1.3	0	0	131	1	6	28	9422	0
1.301	0	0	131	2	17	28	9422	0
1.302	0	0	131	3	4	26	7708	0
1.303	0	0	131	4	8	26	7708	0
1.304	0	0	131	5	3	24	6882	0
1.305	0	0	131	6	12	24	6882	0
1.306	0	0	131	7	6	28	9422	0
1.307	0	0	131	8	9	24	6882	0
1.308	0	0	131	9	15	26	7708	0
1.309	0	0	131	10	20	28	9422	0
1.31	0	0	132	1	18	28	9422	0
1.311	0	0	132	2	7	24	6882	0
1.312	0	0	132	3	5	26	7708	0
1.318	0	0	132	9	5	26	7708	0
1.319	0	0	132	10	6	28	9422	0
1.32	0	0	133	1	11	26	7708	0
1.321	0	0	133	2	4	26	7708	0
1.323	0	0	133	4	8	26	7708	0
1.324	0	0	133	5	12	24	6882	0
1.328	0	0	133	9	4	26	7708	0
1.33	0	0	134	1	8	26	7708	0
1.331	0	0	134	2	3	24	6882	0
1.333	0	0	134	4	15	26	7708	0
1.334	0	0	134	5	20	28	9422	0
1.335	0	0	134	6	9	24	6882	0
1.336	0	0	134	7	5	26	7708	0
1.34	0	0	135	1	6	28	9422	0
1.343	0	0	135	4	17	28	9422	0
1.346	0	0	135	7	11	26	7708	0
1.347	0	0	135	8	6	28	9422	0
1.348	0	0	135	9	8	26	7708	0
1.349	0	0	135	10	12	24	6882	0
1.351	0	0	136	2	14	24	6882	0
1.352	0	0	136	3	20	28	9422	0
1.355	0	0	136	6	5	26	7708	0
1.359	0	0	136	10	3	24	6882	0
1.36	0	0	137	1	15	26	7708	0
1.362	0	0	137	3	9	24	6882	0
1.364	0	0	137	5	11	26	7708	0
1.367	0	0	137	8	6	28	9422	0
1.371	0	0	138	2	11	26	7708	0
1.372	0	0	138	3	8	26	7708	0
1.373	0	0	138	4	18	28	9422	0
1.374	0	0	138	5	17	28	9422	0
1.377	0	0	138	8	18	28	9422	0
1.378	0	0	138	9	18	28	9422	0
1.379	0	0	138	10	12	24	6882	0
1.38	0	0	139	1	15	26	7708	0
1.381	0	0	139	2	20	28	9422	0
1.383	0	0	139	4	5	26	7708	0
1.385	0	0	139	6	11	26	7708	0
1.386	0	0	139	7	3	24	6882	0
1.389	0	0	139	10	9	24	6882	0
1.394	0	0	140	5	8	26	7708	0
1.395	0	0	140	6	6	28	9422	0
1.396	0	0	140	7	17	28	9422	0
1.397	0	0	140	8	12	24	6882	0
1.398	0	0	140	9	15	26	7708	0
1.399	0	0	140	10	20	28	9422	0
1.402	0	0	141	3	18	28	9422	0
1.409	0	0	141	10	5	26	7708	0
1.41	0	0	142	1	11	26	7708	0
1.413	0	0	142	4	3	24	6882	0
1.415	0	0	142	6	6	28	9422	0
1.417	0	0	142	8	9	24	6882	0
1.419	0	0	142	10	14	24	6882	0
1.421	0	0	143	2	8	26	7708	0
1.422	0	0	143	3	6	28	9422	0
1.423	0	0	143	4	12	24	6882	0
1.424	0	0	143	5	15	26	7708	0
1.425	0	0	143	6	20	28	9422	0
1.428	0	0	143	9	8	26	7708	0
1.429	0	0	143	10	18	28	9422	0
1.435	0	0	144	6	5	26	7708	0
1.436	0	0	144	7	6	28	9422	0
1.437	0	0	144	8	17	28	9422	0
1.438	0	0	144	9	11	26	7708	0
1.439	0	0	144	10	8	26	7708	0
1.444	0	0	145	5	11	26	7708	0
1.445	0	0	145	6	8	26	7708	0
1.446	0	0	145	7	2	24	6882	0
1.447	0	0	145	8	12	24	6882	0
1.448	0	0	145	9	18	28	9422	0
1.449	0	0	145	10	18	28	9422	0
1.45	0	0	146	1	9	24	6882	0
1.452	0	0	146	3	15	26	7708	0
1.453	0	0	146	4	20	28	9422	0
1.454	0	0	146	5	5	26	7708	0
1.456	0	0	146	7	6	28	9422	0
1.459	0	0	146	10	8	26	7708	0
1.465	0	0	147	6	17	28	9422	0
1.466	0	0	147	7	11	26	7708	0
1.468	0	0	147	9	12	24	6882	0
1.469	0	0	147	10	18	28	9422	0
1.471	0	0	148	2	15	26	7708	0
1.472	0	0	148	3	9	24	6882	0
1.473	0	0	148	4	2	24	6882	0
1.474	0	0	148	5	20	28	9422	0
1.475	0	0	148	6	5	26	7708	0
1.476	0	0	148	7	18	28	9422	0
1.477	0	0	148	8	6	28	9422	0
1.48	0	0	149	1	8	26	7708	0
1.484	0	0	149	5	6	28	9422	0
1.486	0	0	149	7	11	26	7708	0
1.487	0	0	149	8	14	24	6882	0
1.491	0	0	150	2	17	28	9422	0
1.492	0	0	150	3	12	24	6882	0
1.493	0	0	150	4	16	28	9422	0
1.494	0	0	150	5	15	26	7708	0
1.495	0	0	150	6	20	28	9422	0
1.496	0	0	150	7	5	26	7708	0
1.498	0	0	150	9	18	28	9422	0
1.499	0	0	150	10	6	28	9422	0
1.5	0	0	151	1	9	24	6882	0
1.501	0	0	151	2	2	24	6882	0
1.502	0	0	151	3	8	26	7708	0
1.508	0	0	151	9	11	26	7708	0
1.511	0	0	152	2	12	24	6882	0
1.512	0	0	152	3	15	26	7708	0
1.513	0	0	152	4	20	28	9422	0
1.515	0	0	152	6	5	26	7708	0
1.517	0	0	152	8	6	28	9422	0
1.518	0	0	152	9	18	28	9422	0
1.519	0	0	152	10	17	28	9422	0
1.52	0	0	153	1	8	26	7708	0
1.523	0	0	153	4	18	28	9422	0
1.526	0	0	153	7	11	26	7708	0
1.527	0	0	153	8	9	24	6882	0
1.528	0	0	153	9	4	26	7708	0
1.53	0	0	154	1	12	24	6882	0
1.531	0	0	154	2	15	26	7708	0
1.532	0	0	154	3	16	28	9422	0
1.533	0	0	154	4	20	28	9422	0
1.534	0	0	154	5	2	24	6882	0
1.535	0	0	154	6	5	26	7708	0
1.54	0	0	155	1	20	28	9422	0
1.541	0	0	155	2	5	26	7708	0
1.544	0	0	155	5	8	26	7708	0
1.545	0	0	155	6	3	24	6882	0
1.551	0	0	156	2	11	26	7708	0
1.552	0	0	156	3	18	28	9422	0
1.553	0	0	156	4	9	24	6882	0
1.555	0	0	156	6	12	24	6882	0
1.556	0	0	156	7	14	24	6882	0
1.557	0	0	156	8	15	26	7708	0
1.559	0	0	156	10	20	28	9422	0
1.56	0	0	157	1	16	28	9422	0
1.561	0	0	157	2	5	26	7708	0
1.562	0	0	157	3	2	24	6882	0
1.564	0	0	157	5	8	26	7708	0
1.568	0	0	157	9	5	26	7708	0
1.569	0	0	157	10	2	24	6882	0
1.571	0	0	158	2	3	24	6882	0
1.572	0	0	158	3	11	26	7708	0
1.575	0	0	158	6	12	24	6882	0
1.576	0	0	158	7	15	26	7708	0
1.577	0	0	158	8	20	28	9422	0
1.579	0	0	158	10	11	26	7708	0
1.581	0	0	159	2	9	24	6882	0
1.582	0	0	159	3	12	24	6882	0
1.583	0	0	159	4	15	26	7708	0
1.584	0	0	159	5	18	28	9422	0
1.585	0	0	159	6	17	28	9422	0
1.586	0	0	159	7	18	28	9422	0
1.588	0	0	159	9	5	26	7708	0
1.59	0	0	160	1	2	24	6882	0
1.591	0	0	160	2	8	26	7708	0
1.593	0	0	160	4	16	28	9422	0
1.595	0	0	160	6	15	26	7708	0
1.596	0	0	160	7	20	28	9422	0
1.599	0	0	160	10	3	24	6882	0
1.6	0	0	161	1	11	26	7708	0
1.603	0	0	161	4	12	24	6882	0
1.606	0	0	161	7	5	26	7708	0
1.607	0	0	161	8	11	26	7708	0
1.609	0	0	161	10	9	24	6882	0
1.61	0	0	162	1	8	26	7708	0
1.613	0	0	162	4	15	26	7708	0
1.614	0	0	162	5	18	28	9422	0
1.615	0	0	162	6	16	28	9422	0
1.616	0	0	162	7	16	28	9422	0
1.617	0	0	162	8	18	28	9422	0
1.618	0	0	162	9	17	28	9422	0
1.619	0	0	162	10	18	28	9422	0
1.62	0	0	163	1	18	28	9422	0
1.621	0	0	163	2	20	28	9422	0
1.623	0	0	163	4	11	26	7708	0
1.624	0	0	163	5	2	24	6882	0
1.626	0	0	163	7	3	24	6882	0
1.627	0	0	163	8	12	24	6882	0
1.631	0	0	164	2	5	26	7708	0
1.633	0	0	164	4	8	26	7708	0
1.634	0	0	164	5	12	24	6882	0
1.635	0	0	164	6	15	26	7708	0
1.636	0	0	164	7	9	24	6882	0
1.638	0	0	164	9	16	28	9422	0
1.639	0	0	164	10	20	28	9422	0
1.642	0	0	165	3	11	26	7708	0
1.643	0	0	165	4	16	28	9422	0
1.645	0	0	165	6	12	24	6882	0
1.651	0	0	166	2	2	24	6882	0
1.652	0	0	166	3	8	26	7708	0
1.653	0	0	166	4	3	24	6882	0
1.655	0	0	166	6	15	26	7708	0
1.656	0	0	166	7	16	28	9422	0
1.657	0	0	166	8	20	28	9422	0
1.658	0	0	166	9	5	26	7708	0
1.662	0	0	167	3	15	26	7708	0
1.663	0	0	167	4	20	28	9422	0
1.665	0	0	167	6	5	26	7708	0
1.666	0	0	167	7	18	28	9422	0
1.667	0	0	167	8	11	26	7708	0
1.669	0	0	167	10	9	24	6882	0
1.67	0	0	168	1	18	28	9422	0
1.671	0	0	168	2	18	28	9422	0
1.672	0	0	168	3	4	26	7708	0
1.674	0	0	168	5	8	26	7708	0
1.675	0	0	168	6	12	24	6882	0
1.676	0	0	168	7	15	26	7708	0
1.677	0	0	168	8	16	28	9422	0
1.678	0	0	168	9	2	24	6882	0
1.679	0	0	168	10	20	28	9422	0
1.68	0	0	169	1	5	26	7708	0
1.681	0	0	169	2	3	24	6882	0
1.684	0	0	169	5	16	28	9422	0
1.69	0	0	170	1	9	24	6882	0
1.691	0	0	170	2	11	26	7708	0
1.692	0	0	170	3	14	24	6882	0
1.694	0	0	170	5	8	26	7708	0
1.695	0	0	170	6	12	24	6882	0
1.696	0	0	170	7	15	26	7708	0
1.697	0	0	170	8	18	28	9422	0
1.698	0	0	170	9	1	26	7708	0
1.699	0	0	170	10	4	26	7708	0
1.7	0	0	171	1	16	28	9422	0
1.701	0	0	171	2	20	28	9422	0
1.702	0	0	171	3	5	26	7708	0
1.706	0	0	171	7	2	24	6882	0
1.708	0	0	171	9	3	24	6882	0
1.711	0	0	172	2	11	26	7708	0
1.712	0	0	172	3	8	26	7708	0
1.713	0	0	172	4	12	24	6882	0
1.714	0	0	172	5	15	26	7708	0
1.717	0	0	172	8	11	26	7708	0
1.718	0	0	172	9	16	28	9422	0
1.719	0	0	172	10	8	26	7708	0
1.72	0	0	173	1	12	24	6882	0
1.723	0	0	173	4	20	28	9422	0
1.724	0	0	173	5	16	28	9422	0
1.725	0	0	173	6	5	26	7708	0
1.727	0	0	173	8	4	26	7708	0
1.731	0	0	174	2	9	24	6882	0
1.733	0	0	174	4	2	24	6882	0
1.734	0	0	174	5	4	26	7708	0
1.735	0	0	174	6	3	24	6882	0
1.737	0	0	174	8	11	26	7708	0
1.738	0	0	174	9	8	26	7708	0
1.739	0	0	174	10	12	24	6882	0
1.741	0	0	175	2	15	26	7708	0
1.742	0	0	175	3	20	28	9422	0
1.743	0	0	175	4	5	26	7708	0
1.747	0	0	175	8	4	26	7708	0
1.758	0	0	176	9	16	28	9422	0
1.76	0	0	177	1	14	24	6882	0
1.761	0	0	177	2	11	26	7708	0
1.762	0	0	177	3	3	24	6882	0
1.763	0	0	177	4	8	26	7708	0
1.764	0	0	177	5	9	24	6882	0
1.765	0	0	177	6	16	28	9422	0
1.766	0	0	177	7	12	24	6882	0
1.767	0	0	177	8	15	26	7708	0
1.768	0	0	177	9	4	26	7708	0
1.769	0	0	177	10	20	28	9422	0
1.77	0	0	178	1	5	26	7708	0
1.778	0	0	178	9	16	28	9422	0
1.781	0	0	179	2	11	26	7708	0
1.782	0	0	179	3	8	26	7708	0
1.787	0	0	179	8	11	26	7708	0
1.788	0	0	179	9	8	26	7708	0
1.789	0	0	179	10	12	24	6882	0
1.79	0	0	180	1	15	26	7708	0
1.791	0	0	180	2	20	28	9422	0
1.792	0	0	180	3	9	24	6882	0
1.794	0	0	180	5	5	26	7708	0
1.795	0	0	180	6	4	26	7708	0
1.797	0	0	180	8	3	24	6882	0
1.802	0	0	181	3	4	26	7708	0
1.803	0	0	181	4	3	24	6882	0
1.806	0	0	181	7	11	26	7708	0
1.807	0	0	181	8	8	26	7708	0
1.808	0	0	181	9	12	24	6882	0
1.81	0	0	182	1	15	26	7708	0
1.811	0	0	182	2	20	28	9422	0
1.812	0	0	182	3	5	26	7708	0
1.813	0	0	182	4	9	24	6882	0
1.814	0	0	182	5	16	28	9422	0
1.816	0	0	182	7	4	26	7708	0
1.817	0	0	182	8	3	24	6882	0
1.82	0	0	183	1	16	28	9422	0
1.822	0	0	183	3	4	26	7708	0
1.825	0	0	183	6	11	26	7708	0
1.827	0	0	183	8	8	26	7708	0
1.828	0	0	183	9	12	24	6882	0
1.829	0	0	183	10	14	24	6882	0
1.83	0	0	184	1	15	26	7708	0
1.831	0	0	184	2	20	28	9422	0
1.832	0	0	184	3	5	26	7708	0
1.833	0	0	184	4	16	28	9422	0
1.834	0	0	184	5	1	26	7708	0
1.835	0	0	184	6	1	26	7708	0
1.836	0	0	184	7	4	26	7708	0
1.84	0	0	185	1	9	24	6882	0
1.844	0	0	185	5	11	26	7708	0
1.845	0	0	185	6	3	24	6882	0
1.846	0	0	185	7	8	26	7708	0
1.848	0	0	185	9	12	24	6882	0
1.849	0	0	185	10	15	26	7708	0
1.851	0	0	186	2	20	28	9422	0
1.852	0	0	186	3	5	26	7708	0
1.86	0	0	187	1	16	28	9422	0
1.862	0	0	187	3	11	26	7708	0
1.863	0	0	187	4	4	26	7708	0
1.864	0	0	187	5	8	26	7708	0
1.869	0	0	187	10	11	26	7708	0
1.87	0	0	188	1	8	26	7708	0
1.871	0	0	188	2	12	24	6882	0
1.872	0	0	188	3	3	24	6882	0
1.873	0	0	188	4	15	26	7708	0
1.874	0	0	188	5	9	24	6882	0
1.875	0	0	188	6	20	28	9422	0
1.876	0	0	188	7	5	26	7708	0
1.881	0	0	189	2	9	24	6882	0
1.884	0	0	189	5	4	26	7708	0
1.887	0	0	189	8	11	26	7708	0
1.888	0	0	189	9	8	26	7708	0
1.889	0	0	189	10	12	24	6882	0
1.891	0	0	190	2	4	26	7708	0
1.894	0	0	190	5	11	26	7708	0
1.895	0	0	190	6	9	24	6882	0
1.897	0	0	190	8	14	24	6882	0
1.9	0	0	191	1	15	26	7708	0
1.901	0	0	191	2	20	28	9422	0
1.902	0	0	191	3	5	26	7708	0
1.903	0	0	191	4	1	26	7708	0
1.904	0	0	191	5	4	26	7708	0
1.905	0	0	191	6	3	24	6882	0
1.906	0	0	191	7	11	26	7708	0
1.907	0	0	191	8	8	26	7708	0
1.908	0	0	191	9	12	24	6882	0
1.912	0	0	192	3	11	26	7708	0
1.913	0	0	192	4	8	26	7708	0
1.914	0	0	192	5	12	24	6882	0
1.922	0	0	193	3	9	24	6882	0
1.923	0	0	193	4	15	26	7708	0
1.924	0	0	193	5	20	28	9422	0
1.925	0	0	193	6	5	26	7708	0
1.926	0	0	193	7	11	26	7708	0
1.927	0	0	193	8	8	26	7708	0
1.928	0	0	193	9	12	24	6882	0
1.929	0	0	193	10	15	26	7708	0
1.93	0	0	194	1	20	28	9422	0
1.931	0	0	194	2	5	26	7708	0
1.932	0	0	194	3	11	26	7708	0
1.933	0	0	194	4	8	26	7708	0
1.934	0	0	194	5	12	24	6882	0
1.939	0	0	194	10	4	26	7708	0
1.94	0	0	195	1	3	24	6882	0
1.944	0	0	195	5	15	26	7708	0
1.945	0	0	195	6	4	26	7708	0
1.946	0	0	195	7	20	28	9422	0
1.947	0	0	195	8	5	26	7708	0
1.948	0	0	195	9	11	26	7708	0
1.949	0	0	195	10	9	24	6882	0
1.95	0	0	196	1	8	26	7708	0
1.951	0	0	196	2	12	24	6882	0
1.953	0	0	196	4	20	28	9422	0
1.957	0	0	196	8	8	26	7708	0
1.958	0	0	196	9	12	24	6882	0
1.959	0	0	196	10	4	26	7708	0
1.965	0	0	197	6	14	24	6882	0
1.968	0	0	197	9	15	26	7708	0
1.969	0	0	197	10	20	28	9422	0
1.97	0	0	198	1	5	26	7708	0
1.971	0	0	198	2	1	26	7708	0
1.972	0	0	198	3	11	26	7708	0
1.974	0	0	198	5	3	24	6882	0
1.975	0	0	198	6	8	26	7708	0
1.976	0	0	198	7	12	24	6882	0
1.981	0	0	199	2	8	26	7708	0
1.983	0	0	199	4	9	24	6882	0
1.986	0	0	199	7	4	26	7708	0
1.987	0	0	199	8	20	28	9422	0
1.988	0	0	199	9	5	26	7708	0
1.992	0	0	200	3	15	26	7708	0
1.993	0	0	200	4	4	26	7708	0
1.994	0	0	200	5	20	28	9422	0
1.995	0	0	200	6	3	24	6882	0
1.997	0	0	200	8	11	26	7708	0
1.998	0	0	200	9	8	26	7708	0
1.999	0	0	200	10	12	24	6882	0
2.003	0	0	201	4	11	26	7708	0
2.004	0	0	201	5	8	26	7708	0
2.005	0	0	201	6	12	24	6882	0
2.007	0	0	201	8	20	28	9422	0
2.009	0	0	201	10	5	26	7708	0
2.013	0	0	202	4	15	26	7708	0
2.014	0	0	202	5	20	28	9422	0
2.015	0	0	202	6	5	26	7708	0
2.016	0	0	202	7	11	26	7708	0
2.017	0	0	202	8	8	26	7708	0
2.018	0	0	202	9	12	24	6882	0
2.019	0	0	202	10	15	26	7708	0
2.02	0	0	203	1	4	26	7708	0
2.022	0	0	203	3	3	24	6882	0
2.028	0	0	203	9	20	28	9422	0
2.029	0	0	203	10	5	26	7708	0
2.033	0	0	204	4	15	26	7708	0
2.034	0	0	204	5	20	28	9422	0
2.035	0	0	204	6	5	26	7708	0
2.036	0	0	204	7	11	26	7708	0
2.037	0	0	204	8	8	26	7708	0
2.038	0	0	204	9	12	24	6882	0
2.039	0	0	204	10	1	26	7708	0
2.04	0	0	205	1	15	26	7708	0
2.041	0	0	205	2	4	26	7708	0
2.048	0	0	205	9	4	26	7708	0
2.049	0	0	205	10	3	24	6882	0
2.05	0	0	206	1	20	28	9422	0
2.051	0	0	206	2	5	26	7708	0
2.055	0	0	206	6	15	26	7708	0
2.056	0	0	206	7	20	28	9422	0
2.057	0	0	206	8	5	26	7708	0
2.058	0	0	206	9	11	26	7708	0
2.059	0	0	206	10	8	26	7708	0
2.06	0	0	207	1	12	24	6882	0
2.061	0	0	207	2	4	26	7708	0
2.062	0	0	207	3	15	26	7708	0
2.07	0	0	208	1	20	28	9422	0
2.071	0	0	208	2	5	26	7708	0
2.076	0	0	208	7	3	24	6882	0
2.077	0	0	208	8	15	26	7708	0
2.08	0	0	209	1	11	26	7708	0
2.081	0	0	209	2	8	26	7708	0
2.082	0	0	209	3	12	24	6882	0
2.083	0	0	209	4	15	26	7708	0
2.086	0	0	209	7	11	26	7708	0
2.087	0	0	209	8	8	26	7708	0
2.088	0	0	209	9	12	24	6882	0
2.089	0	0	209	10	4	26	7708	0
2.091	0	0	210	2	20	28	9422	0
2.092	0	0	210	3	5	26	7708	0
2.094	0	0	210	5	16	28	9422	0
2.097	0	0	210	8	15	26	7708	0
2.098	0	0	210	9	20	28	9422	0
2.099	0	0	210	10	5	26	7708	0
2.1	0	0	211	1	11	26	7708	0
2.101	0	0	211	2	8	26	7708	0
2.102	0	0	211	3	14	24	6882	0
2.104	0	0	211	5	3	24	6882	0
2.105	0	0	211	6	12	24	6882	0
2.107	0	0	211	8	1	26	7708	0
2.109	0	0	211	10	4	26	7708	0
2.11	0	0	212	1	5	26	7708	0
2.115	0	0	212	6	20	28	9422	0
2.116	0	0	212	7	4	26	7708	0
2.117	0	0	212	8	5	26	7708	0
2.118	0	0	212	9	11	26	7708	0
2.119	0	0	212	10	8	26	7708	0
2.121	0	0	213	2	15	26	7708	0
2.122	0	0	213	3	20	28	9422	0
2.124	0	0	213	5	11	26	7708	0
2.125	0	0	213	6	8	26	7708	0
2.126	0	0	213	7	16	28	9422	0
2.127	0	0	213	8	12	24	6882	0
2.128	0	0	213	9	15	26	7708	0
2.13	0	0	214	1	4	26	7708	0
2.131	0	0	214	2	5	26	7708	0
2.134	0	0	214	5	12	24	6882	0
2.136	0	0	214	7	4	26	7708	0
2.137	0	0	214	8	20	28	9422	0
2.138	0	0	214	9	5	26	7708	0
2.139	0	0	214	10	11	26	7708	0
2.141	0	0	215	2	8	26	7708	0
2.144	0	0	215	5	15	26	7708	0
2.145	0	0	215	6	3	24	6882	0
2.147	0	0	215	8	16	28	9422	0
2.148	0	0	215	9	2	24	6882	0
2.149	0	0	215	10	5	26	7708	0
2.152	0	0	216	3	12	24	6882	0
2.153	0	0	216	4	16	28	9422	0
2.155	0	0	216	6	20	28	9422	0
2.156	0	0	216	7	5	26	7708	0
2.157	0	0	216	8	11	26	7708	0
2.159	0	0	216	10	4	26	7708	0
2.16	0	0	217	1	8	26	7708	0
2.163	0	0	217	4	15	26	7708	0
2.164	0	0	217	5	4	26	7708	0
2.17	0	0	218	1	15	26	7708	0
2.172	0	0	218	3	5	26	7708	0
2.174	0	0	218	5	16	28	9422	0
2.176	0	0	218	7	1	26	7708	0
2.177	0	0	218	8	4	26	7708	0
2.178	0	0	218	9	3	24	6882	0
2.179	0	0	218	10	12	24	6882	0
2.181	0	0	219	2	16	28	9422	0
2.182	0	0	219	3	20	28	9422	0
2.184	0	0	219	5	11	26	7708	0
2.185	0	0	219	6	8	26	7708	0
2.189	0	0	219	10	2	24	6882	0
2.19	0	0	220	1	15	26	7708	0
2.193	0	0	220	4	5	26	7708	0
2.195	0	0	220	6	16	28	9422	0
2.197	0	0	220	8	12	24	6882	0
2.198	0	0	220	9	4	26	7708	0
2.199	0	0	220	10	3	24	6882	0
2.201	0	0	221	2	16	28	9422	0
2.202	0	0	221	3	20	28	9422	0
2.204	0	0	221	5	11	26	7708	0
2.205	0	0	221	6	4	26	7708	0
2.206	0	0	221	7	8	26	7708	0
2.208	0	0	221	9	15	26	7708	0
2.211	0	0	222	2	5	26	7708	0
2.213	0	0	222	4	8	26	7708	0
2.215	0	0	222	6	12	24	6882	0
2.216	0	0	222	7	2	24	6882	0
2.218	0	0	222	9	4	26	7708	0
2.222	0	0	223	3	16	28	9422	0
2.226	0	0	223	7	20	28	9422	0
2.228	0	0	223	9	16	28	9422	0
2.229	0	0	223	10	11	26	7708	0
2.23	0	0	224	1	8	26	7708	0
2.232	0	0	224	3	15	26	7708	0
2.234	0	0	224	5	3	24	6882	0
2.237	0	0	224	8	5	26	7708	0
2.238	0	0	224	9	14	24	6882	0
2.241	0	0	225	2	3	24	6882	0
2.242	0	0	225	3	12	24	6882	0
2.243	0	0	225	4	2	24	6882	0
2.244	0	0	225	5	1	26	7708	0
2.245	0	0	225	6	16	28	9422	0
2.246	0	0	225	7	4	26	7708	0
2.248	0	0	225	9	20	28	9422	0
2.249	0	0	225	10	16	28	9422	0
2.251	0	0	226	2	11	26	7708	0
2.252	0	0	226	3	8	26	7708	0
2.254	0	0	226	5	15	26	7708	0
2.255	0	0	226	6	20	28	9422	0
2.256	0	0	226	7	5	26	7708	0
2.258	0	0	226	9	11	26	7708	0
2.261	0	0	227	2	12	24	6882	0
2.267	0	0	227	8	12	24	6882	0
2.269	0	0	227	10	20	28	9422	0
2.27	0	0	228	1	2	24	6882	0
2.271	0	0	228	2	2	24	6882	0
2.272	0	0	228	3	16	28	9422	0
2.273	0	0	228	4	4	26	7708	0
2.274	0	0	228	5	5	26	7708	0
2.275	0	0	228	6	11	26	7708	0
2.276	0	0	228	7	8	26	7708	0
2.277	0	0	228	8	16	28	9422	0
2.279	0	0	228	10	15	26	7708	0
2.281	0	0	229	2	3	24	6882	0
2.286	0	0	229	7	12	24	6882	0
2.289	0	0	229	10	20	28	9422	0
2.293	0	0	230	4	4	26	7708	0
2.298	0	0	230	9	2	24	6882	0
2.299	0	0	230	10	5	26	7708	0
2.3	0	0	231	1	11	26	7708	0
2.301	0	0	231	2	8	26	7708	0
2.303	0	0	231	4	16	28	9422	0
2.304	0	0	231	5	15	26	7708	0
2.306	0	0	231	7	5	26	7708	0
2.31	0	0	232	1	12	24	6882	0
2.311	0	0	232	2	15	26	7708	0
2.312	0	0	232	3	1	26	7708	0
2.314	0	0	232	5	20	28	9422	0
2.315	0	0	232	6	3	24	6882	0
2.319	0	0	232	10	11	26	7708	0
2.32	0	0	233	1	8	26	7708	0
2.321	0	0	233	2	4	26	7708	0
2.323	0	0	233	4	15	26	7708	0
2.325	0	0	233	6	2	24	6882	0
2.326	0	0	233	7	5	26	7708	0
2.329	0	0	233	10	12	24	6882	0
2.33	0	0	234	1	15	26	7708	0
2.331	0	0	234	2	16	28	9422	0
2.332	0	0	234	3	16	28	9422	0
2.333	0	0	234	4	20	28	9422	0
2.341	0	0	235	2	4	26	7708	0
2.344	0	0	235	5	11	26	7708	0
2.345	0	0	235	6	8	26	7708	0
2.347	0	0	235	8	17	28	9422	0
2.348	0	0	235	9	15	26	7708	0
2.35	0	0	236	1	3	24	6882	0
2.351	0	0	236	2	5	26	7708	0
2.354	0	0	236	5	12	24	6882	0
2.357	0	0	236	8	20	28	9422	0
2.358	0	0	236	9	5	26	7708	0
2.36	0	0	237	1	2	24	6882	0
2.367	0	0	237	8	2	24	6882	0
2.368	0	0	237	9	4	26	7708	0
2.369	0	0	237	10	11	26	7708	0
2.37	0	0	238	1	8	26	7708	0
2.372	0	0	238	3	15	26	7708	0
2.374	0	0	238	5	5	26	7708	0
2.375	0	0	238	6	11	26	7708	0
2.376	0	0	238	7	17	28	9422	0
2.377	0	0	238	8	8	26	7708	0
2.378	0	0	238	9	12	24	6882	0
2.379	0	0	238	10	2	24	6882	0
2.381	0	0	239	2	1	26	7708	0
2.383	0	0	239	4	20	28	9422	0
2.389	0	0	239	10	20	28	9422	0
2.39	0	0	240	1	4	26	7708	0
2.392	0	0	240	3	11	26	7708	0
2.393	0	0	240	4	8	26	7708	0
2.395	0	0	240	6	15	26	7708	0
2.396	0	0	240	7	4	26	7708	0
2.398	0	0	240	9	5	26	7708	0
2.399	0	0	240	10	11	26	7708	0
2.4	0	0	241	1	8	26	7708	0
2.401	0	0	241	2	12	24	6882	0
2.402	0	0	241	3	15	26	7708	0
2.404	0	0	241	5	3	24	6882	0
2.405	0	0	241	6	20	28	9422	0
2.41	0	0	242	1	4	26	7708	0
2.412	0	0	242	3	20	28	9422	0
2.414	0	0	242	5	11	26	7708	0
2.415	0	0	242	6	8	26	7708	0
2.417	0	0	242	8	15	26	7708	0
2.42	0	0	243	1	16	28	9422	0
2.421	0	0	243	2	5	26	7708	0
2.425	0	0	243	6	12	24	6882	0
2.427	0	0	243	8	20	28	9422	0
2.428	0	0	243	9	5	26	7708	0
2.431	0	0	244	2	3	24	6882	0
2.432	0	0	244	3	2	24	6882	0
2.434	0	0	244	5	2	24	6882	0
2.435	0	0	244	6	15	26	7708	0
2.437	0	0	244	8	4	26	7708	0
2.439	0	0	244	10	18	28	9422	0
2.44	0	0	245	1	11	26	7708	0
2.441	0	0	245	2	18	28	9422	0
2.442	0	0	245	3	18	28	9422	0
2.443	0	0	245	4	18	28	9422	0
2.444	0	0	245	5	8	26	7708	0
2.445	0	0	245	6	18	28	9422	0
2.449	0	0	245	10	12	24	6882	0
2.454	0	0	246	5	15	26	7708	0
2.455	0	0	246	6	20	28	9422	0
2.456	0	0	246	7	5	26	7708	0
2.458	0	0	246	9	18	28	9422	0
2.459	0	0	246	10	3	24	6882	0
2.461	0	0	247	2	18	28	9422	0
2.462	0	0	247	3	2	24	6882	0
2.464	0	0	247	5	17	28	9422	0
2.465	0	0	247	6	4	26	7708	0
2.469	0	0	247	10	17	28	9422	0
2.471	0	0	248	2	17	28	9422	0
2.474	0	0	248	5	11	26	7708	0
2.475	0	0	248	6	8	26	7708	0
2.476	0	0	248	7	12	24	6882	0
2.477	0	0	248	8	15	26	7708	0
2.478	0	0	248	9	18	28	9422	0
2.479	0	0	248	10	20	28	9422	0
2.48	0	0	249	1	5	26	7708	0
2.481	0	0	249	2	11	26	7708	0
2.482	0	0	249	3	8	26	7708	0
2.483	0	0	249	4	12	24	6882	0
2.484	0	0	249	5	15	26	7708	0
2.485	0	0	249	6	4	26	7708	0
2.486	0	0	249	7	3	24	6882	0
2.489	0	0	249	10	2	24	6882	0
2.491	0	0	250	2	4	26	7708	0
2.492	0	0	250	3	11	26	7708	0
2.493	0	0	250	4	8	26	7708	0
2.494	0	0	250	5	12	24	6882	0
2.495	0	0	250	6	15	26	7708	0
2.496	0	0	250	7	18	28	9422	0
2.497	0	0	250	8	17	28	9422	0
2.499	0	0	250	10	20	28	9422	0
2.5	0	0	251	1	5	26	7708	0
2.505	0	0	251	6	4	26	7708	0
2.51	0	0	252	1	11	26	7708	0
2.511	0	0	252	2	8	26	7708	0
2.512	0	0	252	3	12	24	6882	0
2.514	0	0	252	5	15	26	7708	0
2.517	0	0	252	8	2	24	6882	0
2.523	0	0	253	4	20	28	9422	0
2.524	0	0	253	5	5	26	7708	0
2.525	0	0	253	6	17	28	9422	0
2.527	0	0	253	8	18	28	9422	0
2.532	0	0	254	3	4	26	7708	0
2.534	0	0	254	5	11	26	7708	0
2.535	0	0	254	6	8	26	7708	0
2.537	0	0	254	8	12	24	6882	0
2.538	0	0	254	9	15	26	7708	0
2.541	0	0	255	2	11	26	7708	0
2.544	0	0	255	5	2	24	6882	0
2.546	0	0	255	7	18	28	9422	0
2.549	0	0	255	10	18	28	9422	0
2.55	0	0	256	1	20	28	9422	0
2.551	0	0	256	2	5	26	7708	0
2.552	0	0	256	3	11	26	7708	0
2.553	0	0	256	4	17	28	9422	0
2.554	0	0	256	5	3	24	6882	0
2.555	0	0	256	6	4	26	7708	0
2.556	0	0	256	7	8	26	7708	0
2.558	0	0	256	9	12	24	6882	0
2.559	0	0	256	10	15	26	7708	0
2.561	0	0	257	2	4	26	7708	0
2.569	0	0	257	10	20	28	9422	0
2.57	0	0	258	1	5	26	7708	0
2.571	0	0	258	2	14	24	6882	0
2.572	0	0	258	3	18	28	9422	0
2.573	0	0	258	4	4	26	7708	0
2.574	0	0	258	5	11	26	7708	0
2.575	0	0	258	6	8	26	7708	0
2.576	0	0	258	7	12	24	6882	0
2.577	0	0	258	8	2	24	6882	0
2.578	0	0	258	9	18	28	9422	0
2.579	0	0	258	10	15	26	7708	0
2.586	0	0	259	7	15	26	7708	0
2.588	0	0	259	9	17	28	9422	0
2.589	0	0	259	10	20	28	9422	0
2.59	0	0	260	1	5	26	7708	0
2.593	0	0	260	4	18	28	9422	0
2.594	0	0	260	5	4	26	7708	0
2.595	0	0	260	6	12	24	6882	0
2.597	0	0	260	8	15	26	7708	0
2.598	0	0	260	9	2	24	6882	0
2.601	0	0	261	2	4	26	7708	0
2.602	0	0	261	3	11	26	7708	0
2.603	0	0	261	4	8	26	7708	0
2.607	0	0	261	8	20	28	9422	0
2.609	0	0	261	10	5	26	7708	0
2.61	0	0	262	1	3	24	6882	0
2.614	0	0	262	5	12	24	6882	0
2.615	0	0	262	6	15	26	7708	0
2.616	0	0	262	7	17	28	9422	0
2.618	0	0	262	9	17	28	9422	0
2.619	0	0	262	10	18	28	9422	0
2.621	0	0	263	2	11	26	7708	0
2.622	0	0	263	3	8	26	7708	0
2.628	0	0	263	9	4	26	7708	0
2.629	0	0	263	10	20	28	9422	0
2.63	0	0	264	1	5	26	7708	0
2.632	0	0	264	3	2	24	6882	0
2.634	0	0	264	5	12	24	6882	0
2.635	0	0	264	6	4	26	7708	0
2.637	0	0	264	8	15	26	7708	0
2.641	0	0	265	2	11	26	7708	0
2.643	0	0	265	4	3	24	6882	0
2.644	0	0	265	5	17	28	9422	0
2.645	0	0	265	6	8	26	7708	0
2.646	0	0	265	7	18	28	9422	0
2.648	0	0	265	9	17	28	9422	0
2.65	0	0	266	1	3	24	6882	0
2.651	0	0	266	2	20	28	9422	0
2.652	0	0	266	3	5	26	7708	0
2.656	0	0	266	7	4	26	7708	0
2.657	0	0	266	8	12	24	6882	0
2.658	0	0	266	9	15	26	7708	0
2.66	0	0	267	1	2	24	6882	0
2.663	0	0	267	4	4	26	7708	0
2.664	0	0	267	5	3	24	6882	0
2.665	0	0	267	6	11	26	7708	0
2.666	0	0	267	7	2	24	6882	0
2.667	0	0	267	8	8	26	7708	0
2.668	0	0	267	9	18	28	9422	0
2.671	0	0	268	2	20	28	9422	0
2.672	0	0	268	3	5	26	7708	0
2.674	0	0	268	5	8	26	7708	0
2.675	0	0	268	6	12	24	6882	0
2.676	0	0	268	7	15	26	7708	0
2.678	0	0	268	9	20	28	9422	0
2.679	0	0	268	10	5	26	7708	0
2.68	0	0	269	1	2	24	6882	0
2.681	0	0	269	2	17	28	9422	0
2.688	0	0	269	9	11	26	7708	0
2.689	0	0	269	10	8	26	7708	0
2.692	0	0	270	3	20	28	9422	0
2.693	0	0	270	4	5	26	7708	0
2.694	0	0	270	5	11	26	7708	0
2.695	0	0	270	6	8	26	7708	0
2.696	0	0	270	7	12	24	6882	0
2.697	0	0	270	8	3	24	6882	0
2.698	0	0	270	9	15	26	7708	0
2.699	0	0	270	10	20	28	9422	0
2.7	0	0	271	1	5	26	7708	0
2.703	0	0	271	4	17	28	9422	0
2.709	0	0	271	10	11	26	7708	0
2.71	0	0	272	1	8	26	7708	0
2.713	0	0	272	4	20	28	9422	0
2.714	0	0	272	5	5	26	7708	0
2.715	0	0	272	6	11	26	7708	0
2.716	0	0	272	7	8	26	7708	0
2.718	0	0	272	9	12	24	6882	0
2.719	0	0	272	10	15	26	7708	0
2.72	0	0	273	1	20	28	9422	0
2.721	0	0	273	2	2	24	6882	0
2.725	0	0	273	6	3	24	6882	0
2.73	0	0	274	1	17	28	9422	0
2.731	0	0	274	2	11	26	7708	0
2.732	0	0	274	3	3	24	6882	0
2.733	0	0	274	4	8	26	7708	0
2.737	0	0	274	8	20	28	9422	0
2.738	0	0	274	9	5	26	7708	0
2.74	0	0	275	1	8	26	7708	0
2.741	0	0	275	2	12	24	6882	0
2.743	0	0	275	4	15	26	7708	0
2.744	0	0	275	5	20	28	9422	0
2.745	0	0	275	6	5	26	7708	0
2.748	0	0	275	9	12	24	6882	0
2.749	0	0	275	10	2	24	6882	0
2.75	0	0	276	1	15	26	7708	0
2.753	0	0	276	4	11	26	7708	0
2.754	0	0	276	5	8	26	7708	0
2.757	0	0	276	8	20	28	9422	0
2.758	0	0	276	9	5	26	7708	0
2.759	0	0	276	10	3	24	6882	0
2.76	0	0	277	1	11	26	7708	0
2.761	0	0	277	2	8	26	7708	0
2.762	0	0	277	3	17	28	9422	0
2.763	0	0	277	4	12	24	6882	0
2.764	0	0	277	5	15	26	7708	0
2.769	0	0	277	10	12	24	6882	0
2.771	0	0	278	2	15	26	7708	0
2.774	0	0	278	5	11	26	7708	0
2.775	0	0	278	6	8	26	7708	0
2.776	0	0	278	7	2	24	6882	0
2.779	0	0	278	10	20	28	9422	0
2.78	0	0	279	1	5	26	7708	0
2.781	0	0	279	2	11	26	7708	0
2.782	0	0	279	3	8	26	7708	0
2.783	0	0	279	4	12	24	6882	0
2.784	0	0	279	5	15	26	7708	0
2.785	0	0	279	6	20	28	9422	0
2.786	0	0	279	7	3	24	6882	0
2.787	0	0	279	8	5	26	7708	0
2.79	0	0	280	1	17	28	9422	0
2.796	0	0	280	7	17	28	9422	0
2.797	0	0	280	8	11	26	7708	0
2.798	0	0	280	9	8	26	7708	0
2.802	0	0	281	3	20	28	9422	0
2.803	0	0	281	4	5	26	7708	0
2.804	0	0	281	5	11	26	7708	0
2.805	0	0	281	6	8	26	7708	0
2.806	0	0	281	7	12	24	6882	0
2.807	0	0	281	8	15	26	7708	0
2.808	0	0	281	9	20	28	9422	0
2.809	0	0	281	10	2	24	6882	0
2.81	0	0	282	1	5	26	7708	0
2.813	0	0	282	4	12	24	6882	0
2.814	0	0	282	5	15	26	7708	0
2.818	0	0	282	9	11	26	7708	0
2.819	0	0	282	10	8	26	7708	0
2.82	0	0	283	1	3	24	6882	0
2.823	0	0	283	4	20	28	9422	0
2.824	0	0	283	5	17	28	9422	0
2.825	0	0	283	6	5	26	7708	0
2.827	0	0	283	8	3	24	6882	0
2.829	0	0	283	10	12	24	6882	0
2.83	0	0	284	1	2	24	6882	0
2.831	0	0	284	2	15	26	7708	0
2.836	0	0	284	7	12	24	6882	0
2.837	0	0	284	8	15	26	7708	0
2.84	0	0	285	1	11	26	7708	0
2.841	0	0	285	2	3	24	6882	0
2.842	0	0	285	3	8	26	7708	0
2.845	0	0	285	6	19	26	7708	0
2.847	0	0	285	8	20	28	9422	0
2.848	0	0	285	9	5	26	7708	0
2.851	0	0	286	2	17	28	9422	0
2.852	0	0	286	3	17	28	9422	0
2.853	0	0	286	4	12	24	6882	0
2.854	0	0	286	5	15	26	7708	0
2.859	0	0	286	10	12	24	6882	0
2.86	0	0	287	1	15	26	7708	0
2.863	0	0	287	4	11	26	7708	0
2.864	0	0	287	5	2	24	6882	0
2.865	0	0	287	6	8	26	7708	0
2.868	0	0	287	9	3	24	6882	0
2.869	0	0	287	10	20	28	9422	0
2.87	0	0	288	1	5	26	7708	0
2.872	0	0	288	3	8	26	7708	0
2.873	0	0	288	4	12	24	6882	0
2.874	0	0	288	5	15	26	7708	0
2.875	0	0	288	6	20	28	9422	0
2.876	0	0	288	7	4	26	7708	0
2.877	0	0	288	8	5	26	7708	0
2.88	0	0	289	1	12	24	6882	0
2.881	0	0	289	2	15	26	7708	0
2.885	0	0	289	6	11	26	7708	0
2.886	0	0	289	7	8	26	7708	0
2.889	0	0	289	10	20	28	9422	0
2.89	0	0	290	1	5	26	7708	0
2.891	0	0	290	2	11	26	7708	0
2.892	0	0	290	3	8	26	7708	0
2.893	0	0	290	4	12	24	6882	0
2.894	0	0	290	5	15	26	7708	0
2.895	0	0	290	6	20	28	9422	0
2.896	0	0	290	7	4	26	7708	0
2.897	0	0	290	8	5	26	7708	0
2.898	0	0	290	9	2	24	6882	0
2.902	0	0	291	3	3	24	6882	0
2.903	0	0	291	4	4	26	7708	0
2.907	0	0	291	8	11	26	7708	0
2.908	0	0	291	9	8	26	7708	0
2.912	0	0	292	3	20	28	9422	0
2.913	0	0	292	4	5	26	7708	0
2.914	0	0	292	5	11	26	7708	0
2.915	0	0	292	6	8	26	7708	0
2.916	0	0	292	7	4	26	7708	0
2.917	0	0	292	8	12	24	6882	0
2.918	0	0	292	9	15	26	7708	0
2.919	0	0	292	10	20	28	9422	0
2.92	0	0	293	1	5	26	7708	0
2.923	0	0	293	4	4	26	7708	0
2.924	0	0	293	5	3	24	6882	0
2.929	0	0	293	10	11	26	7708	0
2.931	0	0	294	2	8	26	7708	0
2.934	0	0	294	5	20	28	9422	0
2.935	0	0	294	6	5	26	7708	0
2.936	0	0	294	7	11	26	7708	0
2.937	0	0	294	8	4	26	7708	0
2.938	0	0	294	9	8	26	7708	0
2.939	0	0	294	10	12	24	6882	0
2.94	0	0	295	1	15	26	7708	0
2.941	0	0	295	2	20	28	9422	0
2.942	0	0	295	3	5	26	7708	0
2.944	0	0	295	5	4	26	7708	0
2.946	0	0	295	7	12	24	6882	0
2.947	0	0	295	8	17	28	9422	0
2.951	0	0	296	2	3	24	6882	0
2.952	0	0	296	3	11	26	7708	0
2.953	0	0	296	4	2	24	6882	0
2.954	0	0	296	5	8	26	7708	0
2.957	0	0	296	8	20	28	9422	0
2.958	0	0	296	9	5	26	7708	0
2.959	0	0	296	10	11	26	7708	0
2.96	0	0	297	1	8	26	7708	0
2.961	0	0	297	2	12	24	6882	0
2.962	0	0	297	3	15	26	7708	0
2.963	0	0	297	4	20	28	9422	0
2.964	0	0	297	5	5	26	7708	0
2.967	0	0	297	8	12	24	6882	0
2.968	0	0	297	9	15	26	7708	0
2.971	0	0	298	2	4	26	7708	0
2.972	0	0	298	3	11	26	7708	0
2.973	0	0	298	4	8	26	7708	0
2.976	0	0	298	7	20	28	9422	0
2.977	0	0	298	8	5	26	7708	0
2.978	0	0	298	9	3	24	6882	0
2.98	0	0	299	1	14	24	6882	0
2.982	0	0	299	3	19	26	7708	0
2.984	0	0	299	5	12	24	6882	0
2.986	0	0	299	7	15	26	7708	0
2.987	0	0	299	8	17	28	9422	0
2.988	0	0	299	9	17	28	9422	0
2.991	0	0	300	2	11	26	7708	0
2.992	0	0	300	3	8	26	7708	0
2.995	0	0	300	6	20	28	9422	0
2.996	0	0	300	7	5	26	7708	0
2.997	0	0	300	8	11	26	7708	0
2.998	0	0	300	9	4	26	7708	0
2.999	0	0	300	10	8	26	7708	0
3.002	0	0	301	3	20	28	9422	0
3.003	0	0	301	4	5	26	7708	0
3.006	0	0	301	7	3	24	6882	0
3.007	0	0	301	8	12	24	6882	0
3.008	0	0	301	9	15	26	7708	0
3.011	0	0	302	2	11	26	7708	0
3.012	0	0	302	3	8	26	7708	0
3.013	0	0	302	4	12	24	6882	0
3.014	0	0	302	5	15	26	7708	0
3.015	0	0	302	6	17	28	9422	0
3.016	0	0	302	7	17	28	9422	0
3.017	0	0	302	8	20	28	9422	0
3.018	0	0	302	9	5	26	7708	0
3.024	0	0	303	5	20	28	9422	0
3.025	0	0	303	6	4	26	7708	0
3.026	0	0	303	7	13	26	7708	0
3.03	0	0	304	1	12	24	6882	0
3.031	0	0	304	2	15	26	7708	0
3.032	0	0	304	3	3	24	6882	0
3.035	0	0	304	6	2	24	6882	0
3.036	0	0	304	7	11	26	7708	0
3.037	0	0	304	8	8	26	7708	0
3.041	0	0	305	2	20	28	9422	0
3.042	0	0	305	3	5	26	7708	0
3.043	0	0	305	4	11	26	7708	0
3.044	0	0	305	5	8	26	7708	0
3.047	0	0	305	8	20	28	9422	0
3.048	0	0	305	9	5	26	7708	0
3.049	0	0	305	10	14	24	6882	0
3.053	0	0	306	4	4	26	7708	0
3.054	0	0	306	5	12	24	6882	0
3.055	0	0	306	6	15	26	7708	0
3.056	0	0	306	7	17	28	9422	0
3.059	0	0	306	10	11	26	7708	0
3.06	0	0	307	1	8	26	7708	0
3.061	0	0	307	2	9	24	6882	0
3.062	0	0	307	3	2	24	6882	0
3.065	0	0	307	6	20	28	9422	0
3.067	0	0	307	8	5	26	7708	0
3.073	0	0	308	4	4	26	7708	0
3.078	0	0	308	9	11	26	7708	0
3.079	0	0	308	10	8	26	7708	0
3.08	0	0	309	1	13	26	7708	0
3.081	0	0	309	2	12	24	6882	0
3.082	0	0	309	3	15	26	7708	0
3.083	0	0	309	4	20	28	9422	0
3.085	0	0	309	6	11	26	7708	0
3.086	0	0	309	7	8	26	7708	0
3.088	0	0	309	9	19	26	7708	0
3.089	0	0	309	10	17	28	9422	0
3.093	0	0	310	4	5	26	7708	0
3.095	0	0	310	6	9	24	6882	0
3.096	0	0	310	7	2	24	6882	0
3.098	0	0	310	9	4	26	7708	0
3.099	0	0	310	10	11	26	7708	0
3.1	0	0	311	1	8	26	7708	0
3.101	0	0	311	2	12	24	6882	0
3.102	0	0	311	3	15	26	7708	0
3.103	0	0	311	4	2	24	6882	0
3.104	0	0	311	5	20	28	9422	0
3.106	0	0	311	7	11	26	7708	0
3.107	0	0	311	8	13	26	7708	0
3.113	0	0	312	4	5	26	7708	0
3.115	0	0	312	6	9	24	6882	0
3.117	0	0	312	8	14	24	6882	0
3.118	0	0	312	9	19	26	7708	0
3.119	0	0	312	10	17	28	9422	0
3.12	0	0	313	1	8	26	7708	0
3.121	0	0	313	2	4	26	7708	0
3.122	0	0	313	3	12	24	6882	0
3.123	0	0	313	4	15	26	7708	0
3.124	0	0	313	5	20	28	9422	0
3.125	0	0	313	6	17	28	9422	0
3.127	0	0	313	8	11	26	7708	0
3.128	0	0	313	9	4	26	7708	0
3.132	0	0	314	3	21	28	9422	0
3.133	0	0	314	4	13	26	7708	0
3.137	0	0	314	8	21	28	9422	0
3.138	0	0	314	9	5	26	7708	0
3.14	0	0	315	1	8	26	7708	0
3.141	0	0	315	2	12	24	6882	0
3.142	0	0	315	3	4	26	7708	0
3.143	0	0	315	4	15	26	7708	0
3.144	0	0	315	5	20	28	9422	0
3.145	0	0	315	6	5	26	7708	0
3.146	0	0	315	7	11	26	7708	0
3.147	0	0	315	8	8	26	7708	0
3.148	0	0	315	9	4	26	7708	0
3.149	0	0	315	10	9	24	6882	0
3.15	0	0	316	1	21	28	9422	0
3.151	0	0	316	2	21	28	9422	0
3.152	0	0	316	3	17	28	9422	0
3.153	0	0	316	4	19	26	7708	0
3.157	0	0	316	8	5	26	7708	0
3.158	0	0	316	9	2	24	6882	0
3.16	0	0	317	1	8	26	7708	0
3.161	0	0	317	2	12	24	6882	0
3.162	0	0	317	3	13	26	7708	0
3.163	0	0	317	4	4	26	7708	0
3.165	0	0	317	6	15	26	7708	0
3.166	0	0	317	7	20	28	9422	0
3.168	0	0	317	9	11	26	7708	0
3.17	0	0	318	1	9	24	6882	0
3.176	0	0	318	7	5	26	7708	0
3.177	0	0	318	8	21	28	9422	0
3.178	0	0	318	9	17	28	9422	0
3.18	0	0	319	1	8	26	7708	0
3.181	0	0	319	2	12	24	6882	0
3.182	0	0	319	3	4	26	7708	0
3.183	0	0	319	4	15	26	7708	0
3.184	0	0	319	5	20	28	9422	0
3.185	0	0	319	6	2	24	6882	0
3.187	0	0	319	8	11	26	7708	0
3.189	0	0	319	10	13	26	7708	0
3.195	0	0	320	6	5	26	7708	0
3.197	0	0	320	8	9	24	6882	0
3.199	0	0	320	10	8	26	7708	0
3.2	0	0	321	1	21	28	9422	0
3.201	0	0	321	2	12	24	6882	0
3.202	0	0	321	3	15	26	7708	0
3.204	0	0	321	5	4	26	7708	0
3.205	0	0	321	6	20	28	9422	0
3.207	0	0	321	8	17	28	9422	0
3.209	0	0	321	10	11	26	7708	0
3.214	0	0	322	5	19	26	7708	0
3.215	0	0	322	6	14	24	6882	0
3.216	0	0	322	7	13	26	7708	0
3.221	0	0	323	2	21	28	9422	0
3.222	0	0	323	3	5	26	7708	0
3.224	0	0	323	5	8	26	7708	0
3.225	0	0	323	6	12	24	6882	0
3.226	0	0	323	7	2	24	6882	0
3.227	0	0	323	8	21	28	9422	0
3.228	0	0	323	9	15	26	7708	0
3.229	0	0	323	10	20	28	9422	0
3.231	0	0	324	2	9	24	6882	0
3.233	0	0	324	4	11	26	7708	0
3.236	0	0	324	7	17	28	9422	0
3.241	0	0	325	2	21	28	9422	0
3.242	0	0	325	3	5	26	7708	0
3.244	0	0	325	5	8	26	7708	0
3.245	0	0	325	6	12	24	6882	0
3.246	0	0	325	7	15	26	7708	0
3.247	0	0	325	8	20	28	9422	0
3.249	0	0	325	10	5	26	7708	0
3.25	0	0	326	1	13	26	7708	0
3.251	0	0	326	2	9	24	6882	0
3.252	0	0	326	3	4	26	7708	0
3.253	0	0	326	4	14	24	6882	0
3.254	0	0	326	5	11	26	7708	0
3.258	0	0	326	9	4	26	7708	0
3.26	0	0	327	1	2	24	6882	0
3.261	0	0	327	2	17	28	9422	0
3.262	0	0	327	3	5	26	7708	0
3.267	0	0	327	8	8	26	7708	0
3.269	0	0	327	10	12	24	6882	0
3.27	0	0	328	1	15	26	7708	0
3.271	0	0	328	2	13	26	7708	0
3.272	0	0	328	3	4	26	7708	0
3.273	0	0	328	4	20	28	9422	0
3.275	0	0	328	6	11	26	7708	0
3.278	0	0	328	9	4	26	7708	0
3.279	0	0	328	10	9	24	6882	0
3.281	0	0	329	2	2	24	6882	0
3.283	0	0	329	4	5	26	7708	0
3.286	0	0	329	7	8	26	7708	0
3.287	0	0	329	8	12	24	6882	0
3.288	0	0	329	9	17	28	9422	0
3.289	0	0	329	10	15	26	7708	0
3.292	0	0	330	3	4	26	7708	0
3.293	0	0	330	4	11	26	7708	0
3.298	0	0	330	9	20	28	9422	0
3.299	0	0	330	10	4	26	7708	0
3.305	0	0	331	6	20	28	9422	0
3.306	0	0	331	7	9	24	6882	0
3.307	0	0	331	8	5	26	7708	0
3.309	0	0	331	10	8	26	7708	0
3.31	0	0	332	1	12	24	6882	0
3.311	0	0	332	2	15	26	7708	0
3.312	0	0	332	3	4	26	7708	0
3.314	0	0	332	5	2	24	6882	0
3.316	0	0	332	7	11	26	7708	0
3.32	0	0	333	1	20	28	9422	0
3.322	0	0	333	3	11	26	7708	0
3.327	0	0	333	8	20	28	9422	0
3.328	0	0	333	9	17	28	9422	0
3.329	0	0	333	10	5	26	7708	0
3.331	0	0	334	2	8	26	7708	0
3.332	0	0	334	3	12	24	6882	0
3.333	0	0	334	4	4	26	7708	0
3.334	0	0	334	5	15	26	7708	0
3.336	0	0	334	7	5	26	7708	0
3.337	0	0	334	8	11	26	7708	0
3.338	0	0	334	9	8	26	7708	0
3.339	0	0	334	10	12	24	6882	0
3.34	0	0	335	1	13	26	7708	0
3.344	0	0	335	5	20	28	9422	0
3.347	0	0	335	8	9	24	6882	0
3.349	0	0	335	10	8	26	7708	0
3.35	0	0	336	1	12	24	6882	0
3.353	0	0	336	4	4	26	7708	0
3.355	0	0	336	6	5	26	7708	0
3.356	0	0	336	7	11	26	7708	0
3.359	0	0	336	10	15	26	7708	0
3.36	0	0	337	1	4	26	7708	0
3.362	0	0	337	3	17	28	9422	0
3.363	0	0	337	4	2	24	6882	0
3.369	0	0	337	10	17	28	9422	0
3.371	0	0	338	2	20	28	9422	0
3.374	0	0	338	5	13	26	7708	0
3.375	0	0	338	6	9	24	6882	0
3.377	0	0	338	8	8	26	7708	0
3.378	0	0	338	9	12	24	6882	0
3.379	0	0	338	10	15	26	7708	0
3.38	0	0	339	1	4	26	7708	0
3.381	0	0	339	2	13	26	7708	0
3.383	0	0	339	4	5	26	7708	0
3.384	0	0	339	5	11	26	7708	0
3.385	0	0	339	6	17	28	9422	0
3.39	0	0	340	1	14	24	6882	0
3.391	0	0	340	2	2	24	6882	0
3.393	0	0	340	4	10	28	9422	0
3.394	0	0	340	5	20	28	9422	0
3.397	0	0	340	8	8	26	7708	0
3.398	0	0	340	9	12	24	6882	0
3.399	0	0	340	10	4	26	7708	0
3.4	0	0	341	1	15	26	7708	0
3.401	0	0	341	2	20	28	9422	0
3.402	0	0	341	3	9	24	6882	0
3.403	0	0	341	4	5	26	7708	0
3.404	0	0	341	5	11	26	7708	0
3.41	0	0	342	1	5	26	7708	0
3.411	0	0	342	2	11	26	7708	0
3.417	0	0	342	8	20	28	9422	0
3.418	0	0	342	9	2	24	6882	0
3.421	0	0	343	2	13	26	7708	0
3.422	0	0	343	3	8	26	7708	0
3.423	0	0	343	4	12	24	6882	0
3.424	0	0	343	5	15	26	7708	0
3.426	0	0	343	7	5	26	7708	0
3.427	0	0	343	8	11	26	7708	0
3.428	0	0	343	9	8	26	7708	0
3.429	0	0	343	10	9	24	6882	0
3.43	0	0	344	1	12	24	6882	0
3.431	0	0	344	2	15	26	7708	0
3.433	0	0	344	4	5	26	7708	0
3.434	0	0	344	5	11	26	7708	0
3.436	0	0	344	7	4	26	7708	0
3.44	0	0	345	1	20	28	9422	0
3.444	0	0	345	5	8	26	7708	0
3.445	0	0	345	6	2	24	6882	0
3.446	0	0	345	7	12	24	6882	0
3.447	0	0	345	8	15	26	7708	0
3.449	0	0	345	10	21	28	9422	0
3.45	0	0	346	1	13	26	7708	0
3.452	0	0	346	3	5	26	7708	0
3.453	0	0	346	4	11	26	7708	0
3.456	0	0	346	7	4	26	7708	0
3.458	0	0	346	9	14	24	6882	0
3.46	0	0	347	1	20	28	9422	0
3.462	0	0	347	3	17	28	9422	0
3.464	0	0	347	5	9	24	6882	0
3.466	0	0	347	7	17	28	9422	0
3.468	0	0	347	9	8	26	7708	0
3.47	0	0	348	1	9	24	6882	0
3.471	0	0	348	2	12	24	6882	0
3.472	0	0	348	3	15	26	7708	0
3.474	0	0	348	5	5	26	7708	0
3.475	0	0	348	6	11	26	7708	0
3.477	0	0	348	8	13	26	7708	0
3.478	0	0	348	9	12	24	6882	0
3.48	0	0	349	1	2	24	6882	0
3.482	0	0	349	3	20	28	9422	0
3.483	0	0	349	4	3	24	6882	0
3.484	0	0	349	5	4	26	7708	0
3.486	0	0	349	7	2	24	6882	0
3.488	0	0	349	9	8	26	7708	0
3.491	0	0	350	2	4	26	7708	0
3.492	0	0	350	3	12	24	6882	0
3.493	0	0	350	4	17	28	9422	0
3.494	0	0	350	5	15	26	7708	0
3.496	0	0	350	7	5	26	7708	0
3.498	0	0	350	9	9	24	6882	0
3.499	0	0	350	10	11	26	7708	0
3.5	0	0	351	1	2	24	6882	0
