% time	cellId	IMSI	RNTI	layer	mcs	size	rv	ndi	correct	ccId
126	1	0	5	0	0	349	0	1	1	0
127	1	0	11	0	0	349	0	1	1	0
128	1	0	8	0	0	349	0	1	1	0
129	1	0	12	0	0	349	0	1	1	0
130	1	0	15	0	0	349	0	1	1	0
131	1	0	20	0	0	349	0	1	1	0
139	1	0	3	0	0	349	0	1	1	0
140	1	0	4	0	0	349	0	1	1	0
141	1	0	7	0	0	349	0	1	1	0
142	1	0	9	0	0	349	0	1	1	0
143	1	0	10	0	0	349	0	1	1	0
144	1	0	19	0	0	349	0	1	1	0
145	1	0	11	0	0	349	0	1	1	0
146	1	0	8	0	0	349	0	1	1	0
147	1	0	12	0	0	349	0	1	1	0
148	1	0	2	0	0	349	0	1	1	0
149	1	0	18	0	0	349	0	1	1	0
150	1	0	15	0	0	349	0	1	1	0
151	1	0	20	0	0	349	0	1	1	0
152	1	0	5	0	0	349	0	1	1	0
165	1	0	11	0	0	349	0	1	1	0
166	1	0	8	0	0	349	0	1	1	0
167	1	0	12	0	0	349	0	1	1	0
168	1	0	15	0	0	349	0	1	1	0
169	1	0	20	0	0	349	0	1	1	0
170	1	0	5	0	0	349	0	1	1	0
183	1	0	11	0	0	349	0	1	1	0
184	1	0	8	0	0	349	0	1	1	0
185	1	0	12	0	0	349	0	1	1	0
186	1	0	15	0	0	349	0	1	1	0
187	1	0	20	0	0	349	0	1	1	0
188	1	0	5	0	0	349	0	1	1	0
201	1	0	11	0	0	349	0	1	1	0
202	1	0	8	0	0	349	0	1	1	0
203	1	0	12	0	0	349	0	1	1	0
204	1	0	15	0	0	349	0	1	1	0
205	1	0	20	0	0	349	0	1	1	0
206	1	0	5	0	0	349	0	1	1	0
219	1	0	11	0	0	349	0	1	1	0
220	1	0	8	0	0	349	0	1	1	0
221	1	0	12	0	0	349	0	1	1	0
222	1	0	15	0	0	349	0	1	1	0
223	1	0	20	0	0	349	0	1	1	0
224	1	0	5	0	0	349	0	1	1	0
237	1	0	11	0	0	349	0	1	1	0
238	1	0	8	0	0	349	0	1	1	0
239	1	0	12	0	0	349	0	1	1	0
240	1	0	15	0	0	349	0	1	1	0
241	1	0	20	0	0	349	0	1	1	0
242	1	0	5	0	0	349	0	1	1	0
255	1	0	11	0	0	349	0	1	1	0
256	1	0	4	0	0	349	0	1	1	0
257	1	0	8	0	0	349	0	1	1	0
258	1	0	12	0	0	349	0	1	1	0
259	1	0	15	0	0	349	0	1	1	0
260	1	0	20	0	0	349	0	1	1	0
261	1	0	5	0	0	349	0	1	1	0
274	1	0	11	0	0	349	0	1	1	0
275	1	0	8	0	0	349	0	1	1	0
276	1	0	12	0	0	349	0	1	1	0
277	1	0	15	0	0	349	0	1	1	0
278	1	0	20	0	0	349	0	1	1	0
279	1	0	5	0	0	349	0	1	1	0
283	1	0	4	0	0	349	0	1	1	0
294	1	0	11	0	0	349	0	1	1	0
295	1	0	8	0	0	349	0	1	1	0
296	1	0	12	0	0	349	0	1	1	0
297	1	0	15	0	0	349	0	1	1	0
298	1	0	20	0	0	349	0	1	1	0
299	1	0	5	0	0	349	0	1	1	0
312	1	0	11	0	0	349	0	1	1	0
313	1	0	8	0	0	349	0	1	1	0
314	1	0	12	0	0	349	0	1	1	0
315	1	0	15	0	0	349	0	1	1	0
316	1	0	20	0	0	349	0	1	1	0
317	1	0	5	0	0	349	0	1	1	0
330	1	0	4	0	26	7708	0	1	1	0
331	1	0	11	0	0	349	0	1	1	0
332	1	0	8	0	0	349	0	1	1	0
333	1	0	12	0	0	349	0	1	1	0
334	1	0	15	0	0	349	0	1	1	0
335	1	0	20	0	0	349	0	1	1	0
337	1	0	5	0	26	7708	0	1	1	0
350	1	0	11	0	26	7708	0	1	1	0
351	1	0	10	0	28	9422	0	1	1	0
352	1	0	8	0	26	7708	0	1	1	0
353	1	0	12	0	24	6882	0	1	1	0
354	1	0	15	0	26	7708	0	1	1	0
355	1	0	20	0	28	9422	0	1	1	0
356	1	0	4	0	26	7708	0	1	1	0
358	1	0	5	0	26	7708	0	1	1	0
373	1	0	11	0	26	7708	0	1	1	0
374	1	0	8	0	26	7708	0	1	1	0
375	1	0	12	0	24	6882	0	1	1	0
376	1	0	15	0	26	7708	0	1	1	0
377	1	0	20	0	28	9422	0	1	1	0
378	1	0	5	0	26	7708	0	1	1	0
384	1	0	4	0	26	7708	0	1	1	0
394	1	0	11	0	26	7708	0	1	1	0
395	1	0	8	0	26	7708	0	1	1	0
396	1	0	12	0	24	6882	0	1	1	0
397	1	0	15	0	26	7708	0	1	1	0
399	1	0	20	0	28	9422	0	1	1	0
400	1	0	5	0	26	7708	0	1	1	0
412	1	0	4	0	26	7708	0	1	1	0
414	1	0	11	0	26	7708	0	1	1	0
415	1	0	8	0	26	7708	0	1	1	0
416	1	0	12	0	24	6882	0	1	1	0
417	1	0	15	0	26	7708	0	1	1	0
418	1	0	20	0	28	9422	0	1	1	0
420	1	0	5	0	26	7708	0	1	1	0
434	1	0	11	0	26	7708	0	1	1	0
435	1	0	8	0	26	7708	0	1	1	0
436	1	0	12	0	24	6882	0	1	1	0
437	1	0	15	0	26	7708	0	1	1	0
438	1	0	20	0	28	9422	0	1	1	0
439	1	0	5	0	26	7708	0	1	1	0
445	1	0	4	0	26	7708	0	1	1	0
455	1	0	11	0	26	7708	0	1	1	0
456	1	0	8	0	26	7708	0	1	1	0
457	1	0	12	0	24	6882	0	1	1	0
458	1	0	15	0	26	7708	0	1	1	0
459	1	0	20	0	28	9422	0	1	1	0
461	1	0	5	0	26	7708	0	1	1	0
462	1	0	21	0	28	9422	0	1	1	0
466	1	0	4	0	26	7708	0	1	1	0
478	1	0	11	0	26	7708	0	1	1	0
479	1	0	8	0	26	7708	0	1	1	0
480	1	0	12	0	24	6882	0	1	1	0
481	1	0	15	0	26	7708	0	1	1	0
482	1	0	21	0	28	9422	0	1	1	0
483	1	0	20	0	28	9422	0	1	1	0
484	1	0	5	0	26	7708	0	1	1	0
500	1	0	11	0	26	7708	0	1	1	0
501	1	0	4	0	26	7708	0	1	1	0
502	1	0	21	0	28	9422	0	1	1	0
503	1	0	8	0	26	7708	0	1	1	0
504	1	0	12	0	24	6882	0	1	1	0
505	1	0	15	0	26	7708	0	1	1	0
506	1	0	20	0	28	9422	0	1	1	0
508	1	0	5	0	26	7708	0	1	1	0
514	1	0	18	0	28	9422	0	1	1	0
521	1	0	4	0	26	7708	0	1	1	0
525	1	0	11	0	26	7708	0	1	1	0
526	1	0	8	0	26	7708	0	1	1	0
527	1	0	12	0	24	6882	0	1	1	0
528	1	0	15	0	26	7708	0	1	1	0
529	1	0	20	0	28	9422	0	1	1	0
530	1	0	5	0	26	7708	0	1	1	0
538	1	0	18	0	28	9422	0	1	1	0
542	1	0	4	0	26	7708	0	1	1	0
545	1	0	21	0	28	9422	0	1	1	0
548	1	0	5	0	26	7708	0	1	1	0
549	1	0	11	0	26	7708	0	1	1	0
551	1	0	8	0	26	7708	0	1	1	0
553	1	0	12	0	24	6882	0	1	1	0
554	1	0	15	0	26	7708	0	1	1	0
555	1	0	20	0	28	9422	0	1	1	0
564	1	0	18	0	28	9422	0	1	1	0
565	1	0	21	0	28	9422	0	1	1	0
573	1	0	15	0	26	7708	0	1	1	0
575	1	0	4	0	26	7708	0	1	1	0
578	1	0	20	0	28	9422	0	1	1	0
579	1	0	5	0	26	7708	0	1	1	0
580	1	0	11	0	26	7708	0	1	1	0
581	1	0	8	0	26	7708	0	1	1	0
583	1	0	18	0	28	9422	0	1	1	0
584	1	0	21	0	28	9422	0	1	1	0
585	1	0	12	0	24	6882	0	1	1	0
597	1	0	15	0	26	7708	0	1	1	0
598	1	0	20	0	28	9422	0	1	1	0
599	1	0	5	0	26	7708	0	1	1	0
600	1	0	11	0	26	7708	0	1	1	0
601	1	0	8	0	26	7708	0	1	1	0
602	1	0	18	0	28	9422	0	1	1	0
603	1	0	4	0	26	7708	0	1	1	0
604	1	0	21	0	28	9422	0	1	1	0
605	1	0	12	0	24	6882	0	1	1	0
617	1	0	20	0	28	9422	0	1	1	0
618	1	0	5	0	26	7708	0	1	1	0
619	1	0	11	0	26	7708	0	1	1	0
620	1	0	8	0	26	7708	0	1	1	0
622	1	0	18	0	28	9422	0	1	1	0
623	1	0	4	0	26	7708	0	1	1	0
624	1	0	15	0	26	7708	0	1	1	0
630	1	0	12	0	24	6882	0	1	1	0
638	1	0	20	0	28	9422	0	1	1	0
639	1	0	5	0	26	7708	0	1	1	0
640	1	0	11	0	26	7708	0	1	1	0
641	1	0	8	0	26	7708	0	1	1	0
643	1	0	18	0	28	9422	0	1	1	0
644	1	0	21	0	28	9422	0	1	1	0
645	1	0	4	0	26	7708	0	1	1	0
647	1	0	15	0	26	7708	0	1	1	0
654	1	0	12	0	24	6882	0	1	1	0
658	1	0	20	0	28	9422	0	1	1	0
660	1	0	5	0	26	7708	0	1	1	0
661	1	0	11	0	26	7708	0	1	1	0
662	1	0	8	0	26	7708	0	1	1	0
664	1	0	4	0	26	7708	0	1	1	0
665	1	0	21	0	28	9422	0	1	1	0
666	1	0	18	0	28	9422	0	1	1	0
667	1	0	15	0	26	7708	0	1	1	0
674	1	0	12	0	24	6882	0	1	1	0
677	1	0	20	0	28	9422	0	1	1	0
678	1	0	5	0	26	7708	0	1	1	0
680	1	0	11	0	26	7708	0	1	1	0
681	1	0	8	0	26	7708	0	1	1	0
686	1	0	21	0	28	9422	0	1	1	0
687	1	0	18	0	28	9422	0	1	1	0
692	1	0	4	0	26	7708	0	1	1	0
693	1	0	15	0	26	7708	0	1	1	0
700	1	0	12	0	24	6882	0	1	1	0
702	1	0	20	0	28	9422	0	1	1	0
703	1	0	5	0	26	7708	0	1	1	0
704	1	0	11	0	26	7708	0	1	1	0
705	1	0	8	0	26	7708	0	1	1	0
712	1	0	4	0	26	7708	0	1	1	0
713	1	0	21	0	28	9422	0	1	1	0
715	1	0	15	0	26	7708	0	1	1	0
720	1	0	12	0	24	6882	0	1	1	0
722	1	0	20	0	28	9422	0	1	1	0
723	1	0	5	0	26	7708	0	1	1	0
724	1	0	11	0	26	7708	0	1	1	0
725	1	0	8	0	26	7708	0	1	1	0
733	1	0	18	0	28	9422	0	1	1	0
734	1	0	4	0	26	7708	0	1	1	0
738	1	0	15	0	26	7708	0	1	1	0
741	1	0	20	0	28	9422	0	1	1	0
742	1	0	21	0	28	9422	0	1	1	0
743	1	0	5	0	26	7708	0	1	1	0
744	1	0	11	0	26	7708	0	1	1	0
748	1	0	8	0	26	7708	0	1	1	0
750	1	0	12	0	24	6882	0	1	1	0
753	1	0	4	0	26	7708	0	1	1	0
758	1	0	18	0	28	9422	0	1	1	0
760	1	0	15	0	26	7708	0	1	1	0
762	1	0	20	0	28	9422	0	1	1	0
763	1	0	5	0	26	7708	0	1	1	0
764	1	0	11	0	26	7708	0	1	1	0
772	1	0	8	0	26	7708	0	1	1	0
773	1	0	4	0	26	7708	0	1	1	0
774	1	0	21	0	28	9422	0	1	1	0
775	1	0	12	0	24	6882	0	1	1	0
782	1	0	15	0	26	7708	0	1	1	0
783	1	0	20	0	28	9422	0	1	1	0
784	1	0	5	0	26	7708	0	1	1	0
785	1	0	11	0	26	7708	0	1	1	0
786	1	0	18	0	28	9422	0	1	1	0
796	1	0	21	0	28	9422	0	1	1	0
799	1	0	8	0	26	7708	0	1	1	0
800	1	0	12	0	24	6882	0	1	1	0
801	1	0	15	0	26	7708	0	1	1	0
803	1	0	20	0	28	9422	0	1	1	0
804	1	0	5	0	26	7708	0	1	1	0
805	1	0	11	0	26	7708	0	1	1	0
808	1	0	4	0	26	7708	0	1	1	0
813	1	0	17	0	28	9422	0	1	1	0
815	1	0	21	0	28	9422	0	1	1	0
820	1	0	18	0	28	9422	0	1	1	0
824	1	0	8	0	26	7708	0	1	1	0
825	1	0	12	0	24	6882	0	1	1	0
826	1	0	15	0	26	7708	0	1	1	0
827	1	0	20	0	28	9422	0	1	1	0
828	1	0	4	0	26	7708	0	1	1	0
829	1	0	5	0	26	7708	0	1	1	0
830	1	0	11	0	26	7708	0	1	1	0
840	1	0	17	0	28	9422	0	1	1	0
843	1	0	21	0	28	9422	0	1	1	0
845	1	0	8	0	26	7708	0	1	1	0
846	1	0	12	0	24	6882	0	1	1	0
847	1	0	18	0	28	9422	0	1	1	0
849	1	0	15	0	26	7708	0	1	1	0
850	1	0	20	0	28	9422	0	1	1	0
851	1	0	5	0	26	7708	0	1	1	0
852	1	0	11	0	26	7708	0	1	1	0
855	1	0	4	0	26	7708	0	1	1	0
865	1	0	8	0	26	7708	0	1	1	0
866	1	0	12	0	24	6882	0	1	1	0
867	1	0	17	0	28	9422	0	1	1	0
868	1	0	18	0	28	9422	0	1	1	0
869	1	0	15	0	26	7708	0	1	1	0
870	1	0	21	0	28	9422	0	1	1	0
872	1	0	20	0	28	9422	0	1	1	0
873	1	0	5	0	26	7708	0	1	1	0
874	1	0	11	0	26	7708	0	1	1	0
876	1	0	4	0	26	7708	0	1	1	0
886	1	0	8	0	26	7708	0	1	1	0
887	1	0	12	0	24	6882	0	1	1	0
888	1	0	18	0	28	9422	0	1	1	0
890	1	0	15	0	26	7708	0	1	1	0
891	1	0	20	0	28	9422	0	1	1	0
892	1	0	5	0	26	7708	0	1	1	0
893	1	0	11	0	26	7708	0	1	1	0
894	1	0	17	0	28	9422	0	1	1	0
896	1	0	4	0	26	7708	0	1	1	0
898	1	0	21	0	28	9422	0	1	1	0
906	1	0	8	0	26	7708	0	1	1	0
907	1	0	12	0	24	6882	0	1	1	0
908	1	0	18	0	28	9422	0	1	1	0
910	1	0	15	0	26	7708	0	1	1	0
911	1	0	20	0	28	9422	0	1	1	0
912	1	0	5	0	26	7708	0	1	1	0
913	1	0	11	0	26	7708	0	1	1	0
916	1	0	4	0	26	7708	0	1	1	0
917	1	0	21	0	28	9422	0	1	1	0
921	1	0	17	0	28	9422	0	1	1	0
924	1	0	8	0	26	7708	0	1	1	0
925	1	0	12	0	24	6882	0	1	1	0
934	1	0	15	0	26	7708	0	1	1	0
936	1	0	18	0	28	9422	0	1	1	0
937	1	0	20	0	28	9422	0	1	1	0
938	1	0	5	0	26	7708	0	1	1	0
939	1	0	11	0	26	7708	0	1	1	0
944	1	0	4	0	26	7708	0	1	1	0
947	1	0	8	0	26	7708	0	1	1	0
948	1	0	12	0	24	6882	0	1	1	0
949	1	0	17	0	28	9422	0	1	1	0
950	1	0	10	0	28	9422	0	1	1	0
951	1	0	21	0	28	9422	0	1	1	0
953	1	0	15	0	26	7708	0	1	1	0
959	1	0	9	0	24	6882	0	1	1	0
964	1	0	20	0	28	9422	0	1	1	0
965	1	0	5	0	26	7708	0	1	1	0
966	1	0	11	0	26	7708	0	1	1	0
967	1	0	8	0	26	7708	0	1	1	0
968	1	0	12	0	24	6882	0	1	1	0
975	1	0	15	0	26	7708	0	1	1	0
977	1	0	17	0	28	9422	0	1	1	0
978	1	0	18	0	28	9422	0	1	1	0
980	1	0	4	0	26	7708	0	1	1	0
986	1	0	9	0	24	6882	0	1	1	0
991	1	0	20	0	28	9422	0	1	1	0
994	1	0	5	0	26	7708	0	1	1	0
995	1	0	11	0	26	7708	0	1	1	0
996	1	0	8	0	26	7708	0	1	1	0
997	1	0	12	0	24	6882	0	1	1	0
998	1	0	15	0	26	7708	0	1	1	0
1001	1	0	4	0	26	7708	0	1	1	0
1007	1	0	18	0	28	9422	0	1	1	0
1010	1	0	17	0	28	9422	0	1	1	0
1013	1	0	9	0	24	6882	0	1	1	0
1014	1	0	8	0	26	7708	0	1	1	0
1015	1	0	12	0	24	6882	0	1	1	0
1016	1	0	15	0	26	7708	0	1	1	0
1018	1	0	20	0	28	9422	0	1	1	0
1019	1	0	4	0	26	7708	0	1	1	0
1020	1	0	5	0	26	7708	0	1	1	0
1021	1	0	11	0	26	7708	0	1	1	0
1025	1	0	18	0	28	9422	0	1	1	0
1028	1	0	17	0	28	9422	0	1	1	0
1032	1	0	8	0	26	7708	0	1	1	0
1033	1	0	12	0	24	6882	0	1	1	0
1034	1	0	15	0	26	7708	0	1	1	0
1040	1	0	9	0	24	6882	0	1	1	0
1044	1	0	20	0	28	9422	0	1	1	0
1045	1	0	5	0	26	7708	0	1	1	0
1046	1	0	4	0	26	7708	0	1	1	0
1047	1	0	11	0	26	7708	0	1	1	0
1052	1	0	18	0	28	9422	0	1	1	0
1054	1	0	17	0	28	9422	0	1	1	0
1056	1	0	8	0	26	7708	0	1	1	0
1057	1	0	12	0	24	6882	0	1	1	0
1059	1	0	15	0	26	7708	0	1	1	0
1067	1	0	4	0	26	7708	0	1	1	0
1068	1	0	9	0	24	6882	0	1	1	0
1070	1	0	20	0	28	9422	0	1	1	0
1071	1	0	5	0	26	7708	0	1	1	0
1072	1	0	11	0	26	7708	0	1	1	0
1079	1	0	18	0	28	9422	0	1	1	0
1082	1	0	8	0	26	7708	0	1	1	0
1083	1	0	12	0	24	6882	0	1	1	0
1084	1	0	15	0	26	7708	0	1	1	0
1087	1	0	17	0	28	9422	0	1	1	0
1088	1	0	4	0	26	7708	0	1	1	0
1090	1	0	11	0	26	7708	0	1	1	0
1095	1	0	9	0	24	6882	0	1	1	0
1097	1	0	20	0	28	9422	0	1	1	0
1098	1	0	5	0	26	7708	0	1	1	0
1100	1	0	8	0	26	7708	0	1	1	0
1102	1	0	12	0	24	6882	0	1	1	0
1103	1	0	15	0	26	7708	0	1	1	0
1107	1	0	4	0	26	7708	0	1	1	0
1108	1	0	18	0	28	9422	0	1	1	0
1113	1	0	17	0	28	9422	0	1	1	0
1115	1	0	20	0	28	9422	0	1	1	0
1116	1	0	5	0	26	7708	0	1	1	0
1117	1	0	11	0	26	7708	0	1	1	0
1118	1	0	8	0	26	7708	0	1	1	0
1121	1	0	15	0	26	7708	0	1	1	0
1123	1	0	9	0	24	6882	0	1	1	0
1126	1	0	18	0	28	9422	0	1	1	0
1130	1	0	12	0	24	6882	0	1	1	0
1135	1	0	4	0	26	7708	0	1	1	0
1136	1	0	11	0	26	7708	0	1	1	0
1137	1	0	8	0	26	7708	0	1	1	0
1139	1	0	15	0	26	7708	0	1	1	0
1140	1	0	20	0	28	9422	0	1	1	0
1141	1	0	5	0	26	7708	0	1	1	0
1148	1	0	17	0	28	9422	0	1	1	0
1150	1	0	9	0	24	6882	0	1	1	0
1152	1	0	18	0	28	9422	0	1	1	0
1155	1	0	4	0	26	7708	0	1	1	0
1156	1	0	12	0	24	6882	0	1	1	0
1157	1	0	15	0	26	7708	0	1	1	0
1159	1	0	14	0	24	6882	0	1	1	0
1160	1	0	20	0	28	9422	0	1	1	0
1161	1	0	5	0	26	7708	0	1	1	0
1165	1	0	11	0	26	7708	0	1	1	0
1166	1	0	8	0	26	7708	0	1	1	0
1170	1	0	17	0	28	9422	0	1	1	0
1172	1	0	18	0	28	9422	0	1	1	0
1174	1	0	3	0	24	6882	0	1	1	0
1176	1	0	4	0	26	7708	0	1	1	0
1177	1	0	9	0	24	6882	0	1	1	0
1178	1	0	12	0	24	6882	0	1	1	0
1179	1	0	15	0	26	7708	0	1	1	0
1180	1	0	20	0	28	9422	0	1	1	0
1181	1	0	5	0	26	7708	0	1	1	0
1185	1	0	11	0	26	7708	0	1	1	0
1186	1	0	8	0	26	7708	0	1	1	0
1193	1	0	18	0	28	9422	0	1	1	0
1196	1	0	12	0	24	6882	0	1	1	0
1197	1	0	15	0	26	7708	0	1	1	0
1198	1	0	20	0	28	9422	0	1	1	0
1199	1	0	5	0	26	7708	0	1	1	0
1202	1	0	3	0	24	6882	0	1	1	0
1204	1	0	17	0	28	9422	0	1	1	0
1205	1	0	9	0	24	6882	0	1	1	0
1211	1	0	11	0	26	7708	0	1	1	0
1212	1	0	8	0	26	7708	0	1	1	0
1215	1	0	15	0	26	7708	0	1	1	0
1216	1	0	20	0	28	9422	0	1	1	0
1217	1	0	5	0	26	7708	0	1	1	0
1218	1	0	6	0	28	9422	0	1	1	0
1219	1	0	4	0	26	7708	0	1	1	0
1222	1	0	12	0	24	6882	0	1	1	0
1229	1	0	18	0	28	9422	0	1	1	0
1232	1	0	9	0	24	6882	0	1	1	0
1234	1	0	3	0	24	6882	0	1	1	0
1235	1	0	15	0	26	7708	0	1	1	0
1236	1	0	20	0	28	9422	0	1	1	0
1237	1	0	6	0	28	9422	0	1	1	0
1238	1	0	5	0	26	7708	0	1	1	0
1239	1	0	11	0	26	7708	0	1	1	0
1240	1	0	8	0	26	7708	0	1	1	0
1241	1	0	12	0	24	6882	0	1	1	0
1251	1	0	4	0	26	7708	0	1	1	0
1252	1	0	18	0	28	9422	0	1	1	0
1254	1	0	15	0	26	7708	0	1	1	0
1255	1	0	20	0	28	9422	0	1	1	0
1256	1	0	5	0	26	7708	0	1	1	0
1257	1	0	11	0	26	7708	0	1	1	0
1259	1	0	8	0	26	7708	0	1	1	0
1260	1	0	12	0	24	6882	0	1	1	0
1265	1	0	6	0	28	9422	0	1	1	0
1266	1	0	9	0	24	6882	0	1	1	0
1269	1	0	3	0	24	6882	0	1	1	0
1270	1	0	18	0	28	9422	0	1	1	0
1274	1	0	4	0	26	7708	0	1	1	0
1276	1	0	15	0	26	7708	0	1	1	0
1277	1	0	20	0	28	9422	0	1	1	0
1279	1	0	5	0	26	7708	0	1	1	0
1280	1	0	11	0	26	7708	0	1	1	0
1281	1	0	8	0	26	7708	0	1	1	0
1282	1	0	12	0	24	6882	0	1	1	0
1284	1	0	6	0	28	9422	0	1	1	0
1287	1	0	9	0	24	6882	0	1	1	0
1289	1	0	14	0	24	6882	0	1	1	0
1290	1	0	18	0	28	9422	0	1	1	0
1296	1	0	15	0	26	7708	0	1	1	0
1297	1	0	20	0	28	9422	0	1	1	0
1298	1	0	5	0	26	7708	0	1	1	0
1302	1	0	11	0	26	7708	0	1	1	0
1303	1	0	3	0	24	6882	0	1	1	0
1304	1	0	17	0	28	9422	0	1	1	0
1306	1	0	6	0	28	9422	0	1	1	0
1308	1	0	4	0	26	7708	0	1	1	0
1309	1	0	8	0	26	7708	0	1	1	0
1311	1	0	12	0	24	6882	0	1	1	0
1313	1	0	9	0	24	6882	0	1	1	0
1314	1	0	15	0	26	7708	0	1	1	0
1315	1	0	20	0	28	9422	0	1	1	0
1316	1	0	18	0	28	9422	0	1	1	0
1317	1	0	7	0	24	6882	0	1	1	0
1318	1	0	5	0	26	7708	0	1	1	0
1325	1	0	6	0	28	9422	0	1	1	0
1326	1	0	11	0	26	7708	0	1	1	0
1327	1	0	4	0	26	7708	0	1	1	0
1329	1	0	8	0	26	7708	0	1	1	0
1330	1	0	12	0	24	6882	0	1	1	0
1337	1	0	3	0	24	6882	0	1	1	0
1339	1	0	15	0	26	7708	0	1	1	0
1340	1	0	20	0	28	9422	0	1	1	0
1341	1	0	9	0	24	6882	0	1	1	0
1342	1	0	5	0	26	7708	0	1	1	0
1346	1	0	6	0	28	9422	0	1	1	0
1349	1	0	17	0	28	9422	0	1	1	0
1352	1	0	11	0	26	7708	0	1	1	0
1354	1	0	8	0	26	7708	0	1	1	0
1355	1	0	12	0	24	6882	0	1	1	0
1357	1	0	14	0	24	6882	0	1	1	0
1358	1	0	20	0	28	9422	0	1	1	0
1361	1	0	5	0	26	7708	0	1	1	0
1365	1	0	3	0	24	6882	0	1	1	0
1366	1	0	15	0	26	7708	0	1	1	0
1368	1	0	9	0	24	6882	0	1	1	0
1370	1	0	11	0	26	7708	0	1	1	0
1373	1	0	6	0	28	9422	0	1	1	0
1378	1	0	8	0	26	7708	0	1	1	0
1379	1	0	18	0	28	9422	0	1	1	0
1380	1	0	17	0	28	9422	0	1	1	0
1385	1	0	12	0	24	6882	0	1	1	0
1386	1	0	15	0	26	7708	0	1	1	0
1387	1	0	20	0	28	9422	0	1	1	0
1389	1	0	5	0	26	7708	0	1	1	0
1391	1	0	11	0	26	7708	0	1	1	0
1392	1	0	3	0	24	6882	0	1	1	0
1395	1	0	9	0	24	6882	0	1	1	0
1400	1	0	8	0	26	7708	0	1	1	0
1401	1	0	6	0	28	9422	0	1	1	0
1402	1	0	17	0	28	9422	0	1	1	0
1403	1	0	12	0	24	6882	0	1	1	0
1404	1	0	15	0	26	7708	0	1	1	0
1405	1	0	20	0	28	9422	0	1	1	0
1408	1	0	18	0	28	9422	0	1	1	0
1415	1	0	5	0	26	7708	0	1	1	0
1416	1	0	11	0	26	7708	0	1	1	0
1419	1	0	3	0	24	6882	0	1	1	0
1421	1	0	6	0	28	9422	0	1	1	0
1423	1	0	9	0	24	6882	0	1	1	0
1425	1	0	14	0	24	6882	0	1	1	0
1427	1	0	8	0	26	7708	0	1	1	0
1429	1	0	12	0	24	6882	0	1	1	0
1430	1	0	15	0	26	7708	0	1	1	0
1431	1	0	20	0	28	9422	0	1	1	0
1435	1	0	18	0	28	9422	0	1	1	0
1441	1	0	5	0	26	7708	0	1	1	0
1442	1	0	6	0	28	9422	0	1	1	0
1443	1	0	17	0	28	9422	0	1	1	0
1444	1	0	11	0	26	7708	0	1	1	0
1445	1	0	8	0	26	7708	0	1	1	0
1452	1	0	2	0	24	6882	0	1	1	0
1453	1	0	12	0	24	6882	0	1	1	0
1454	1	0	18	0	28	9422	0	1	1	0
1456	1	0	9	0	24	6882	0	1	1	0
1458	1	0	15	0	26	7708	0	1	1	0
1459	1	0	20	0	28	9422	0	1	1	0
1460	1	0	5	0	26	7708	0	1	1	0
1462	1	0	6	0	28	9422	0	1	1	0
1465	1	0	8	0	26	7708	0	1	1	0
1471	1	0	17	0	28	9422	0	1	1	0
1472	1	0	11	0	26	7708	0	1	1	0
1474	1	0	12	0	24	6882	0	1	1	0
1475	1	0	18	0	28	9422	0	1	1	0
1477	1	0	15	0	26	7708	0	1	1	0
1478	1	0	9	0	24	6882	0	1	1	0
1479	1	0	2	0	24	6882	0	1	1	0
1480	1	0	20	0	28	9422	0	1	1	0
1481	1	0	5	0	26	7708	0	1	1	0
1483	1	0	6	0	28	9422	0	1	1	0
1486	1	0	8	0	26	7708	0	1	1	0
1492	1	0	11	0	26	7708	0	1	1	0
1493	1	0	14	0	24	6882	0	1	1	0
1497	1	0	17	0	28	9422	0	1	1	0
1498	1	0	12	0	24	6882	0	1	1	0
1499	1	0	16	0	28	9422	0	1	1	0
1500	1	0	15	0	26	7708	0	1	1	0
1501	1	0	20	0	28	9422	0	1	1	0
1502	1	0	5	0	26	7708	0	1	1	0
1504	1	0	18	0	28	9422	0	1	1	0
1505	1	0	6	0	28	9422	0	1	1	0
1506	1	0	9	0	24	6882	0	1	1	0
1507	1	0	2	0	24	6882	0	1	1	0
1508	1	0	8	0	26	7708	0	1	1	0
1514	1	0	11	0	26	7708	0	1	1	0
1517	1	0	12	0	24	6882	0	1	1	0
1518	1	0	15	0	26	7708	0	1	1	0
1519	1	0	20	0	28	9422	0	1	1	0
1521	1	0	5	0	26	7708	0	1	1	0
1523	1	0	6	0	28	9422	0	1	1	0
1524	1	0	18	0	28	9422	0	1	1	0
1525	1	0	17	0	28	9422	0	1	1	0
1526	1	0	8	0	26	7708	0	1	1	0
1532	1	0	11	0	26	7708	0	1	1	0
1533	1	0	9	0	24	6882	0	1	1	0
1534	1	0	4	0	26	7708	0	1	1	0
1536	1	0	12	0	24	6882	0	1	1	0
1537	1	0	15	0	26	7708	0	1	1	0
1538	1	0	16	0	28	9422	0	1	1	0
1539	1	0	20	0	28	9422	0	1	1	0
1540	1	0	2	0	24	6882	0	1	1	0
1541	1	0	5	0	26	7708	0	1	1	0
1550	1	0	8	0	26	7708	0	1	1	0
1551	1	0	3	0	24	6882	0	1	1	0
1557	1	0	11	0	26	7708	0	1	1	0
1558	1	0	18	0	28	9422	0	1	1	0
1559	1	0	9	0	24	6882	0	1	1	0
1561	1	0	12	0	24	6882	0	1	1	0
1562	1	0	14	0	24	6882	0	1	1	0
1563	1	0	15	0	26	7708	0	1	1	0
1565	1	0	20	0	28	9422	0	1	1	0
1566	1	0	16	0	28	9422	0	1	1	0
1567	1	0	5	0	26	7708	0	1	1	0
1568	1	0	2	0	24	6882	0	1	1	0
1570	1	0	8	0	26	7708	0	1	1	0
1577	1	0	3	0	24	6882	0	1	1	0
1578	1	0	11	0	26	7708	0	1	1	0
1581	1	0	12	0	24	6882	0	1	1	0
1582	1	0	15	0	26	7708	0	1	1	0
1583	1	0	20	0	28	9422	0	1	1	0
1587	1	0	9	0	24	6882	0	1	1	0
1590	1	0	18	0	28	9422	0	1	1	0
1591	1	0	17	0	28	9422	0	1	1	0
1594	1	0	5	0	26	7708	0	1	1	0
1596	1	0	2	0	24	6882	0	1	1	0
1597	1	0	8	0	26	7708	0	1	1	0
1599	1	0	16	0	28	9422	0	1	1	0
1601	1	0	15	0	26	7708	0	1	1	0
1602	1	0	20	0	28	9422	0	1	1	0
1605	1	0	3	0	24	6882	0	1	1	0
1606	1	0	11	0	26	7708	0	1	1	0
1609	1	0	12	0	24	6882	0	1	1	0
1612	1	0	5	0	26	7708	0	1	1	0
1615	1	0	9	0	24	6882	0	1	1	0
1616	1	0	8	0	26	7708	0	1	1	0
1619	1	0	15	0	26	7708	0	1	1	0
1620	1	0	18	0	28	9422	0	1	1	0
1621	1	0	16	0	28	9422	0	1	1	0
1624	1	0	17	0	28	9422	0	1	1	0
1627	1	0	20	0	28	9422	0	1	1	0
1629	1	0	11	0	26	7708	0	1	1	0
1630	1	0	2	0	24	6882	0	1	1	0
1632	1	0	3	0	24	6882	0	1	1	0
1633	1	0	12	0	24	6882	0	1	1	0
1637	1	0	5	0	26	7708	0	1	1	0
1639	1	0	8	0	26	7708	0	1	1	0
1641	1	0	15	0	26	7708	0	1	1	0
1642	1	0	9	0	24	6882	0	1	1	0
1644	1	0	16	0	28	9422	0	1	1	0
1645	1	0	20	0	28	9422	0	1	1	0
1648	1	0	11	0	26	7708	0	1	1	0
1651	1	0	12	0	24	6882	0	1	1	0
1657	1	0	2	0	24	6882	0	1	1	0
1658	1	0	8	0	26	7708	0	1	1	0
1659	1	0	3	0	24	6882	0	1	1	0
1661	1	0	15	0	26	7708	0	1	1	0
1662	1	0	16	0	28	9422	0	1	1	0
1663	1	0	20	0	28	9422	0	1	1	0
1664	1	0	5	0	26	7708	0	1	1	0
1672	1	0	18	0	28	9422	0	1	1	0
1673	1	0	11	0	26	7708	0	1	1	0
1675	1	0	9	0	24	6882	0	1	1	0
1678	1	0	4	0	26	7708	0	1	1	0
1680	1	0	8	0	26	7708	0	1	1	0
1681	1	0	12	0	24	6882	0	1	1	0
1682	1	0	15	0	26	7708	0	1	1	0
1683	1	0	16	0	28	9422	0	1	1	0
1684	1	0	2	0	24	6882	0	1	1	0
1685	1	0	20	0	28	9422	0	1	1	0
1686	1	0	5	0	26	7708	0	1	1	0
1687	1	0	3	0	24	6882	0	1	1	0
1696	1	0	9	0	24	6882	0	1	1	0
1697	1	0	11	0	26	7708	0	1	1	0
1698	1	0	14	0	24	6882	0	1	1	0
1700	1	0	8	0	26	7708	0	1	1	0
1701	1	0	12	0	24	6882	0	1	1	0
1702	1	0	15	0	26	7708	0	1	1	0
1703	1	0	18	0	28	9422	0	1	1	0
1704	1	0	1	0	26	7708	0	1	1	0
1705	1	0	4	0	26	7708	0	1	1	0
1706	1	0	16	0	28	9422	0	1	1	0
1707	1	0	20	0	28	9422	0	1	1	0
1708	1	0	5	0	26	7708	0	1	1	0
1712	1	0	2	0	24	6882	0	1	1	0
1714	1	0	3	0	24	6882	0	1	1	0
1717	1	0	11	0	26	7708	0	1	1	0
1718	1	0	8	0	26	7708	0	1	1	0
1719	1	0	12	0	24	6882	0	1	1	0
1720	1	0	15	0	26	7708	0	1	1	0
1724	1	0	16	0	28	9422	0	1	1	0
1729	1	0	20	0	28	9422	0	1	1	0
1731	1	0	5	0	26	7708	0	1	1	0
1733	1	0	4	0	26	7708	0	1	1	0
1737	1	0	9	0	24	6882	0	1	1	0
1739	1	0	2	0	24	6882	0	1	1	0
1741	1	0	3	0	24	6882	0	1	1	0
1743	1	0	11	0	26	7708	0	1	1	0
1744	1	0	8	0	26	7708	0	1	1	0
1745	1	0	12	0	24	6882	0	1	1	0
1747	1	0	15	0	26	7708	0	1	1	0
1748	1	0	20	0	28	9422	0	1	1	0
1749	1	0	5	0	26	7708	0	1	1	0
1753	1	0	4	0	26	7708	0	1	1	0
1764	1	0	16	0	28	9422	0	1	1	0
1766	1	0	14	0	24	6882	0	1	1	0
1767	1	0	11	0	26	7708	0	1	1	0
1768	1	0	3	0	24	6882	0	1	1	0
1769	1	0	8	0	26	7708	0	1	1	0
1770	1	0	9	0	24	6882	0	1	1	0
1772	1	0	12	0	24	6882	0	1	1	0
1773	1	0	15	0	26	7708	0	1	1	0
1774	1	0	4	0	26	7708	0	1	1	0
1775	1	0	20	0	28	9422	0	1	1	0
1776	1	0	5	0	26	7708	0	1	1	0
1784	1	0	16	0	28	9422	0	1	1	0
1787	1	0	11	0	26	7708	0	1	1	0
1788	1	0	8	0	26	7708	0	1	1	0
1795	1	0	12	0	24	6882	0	1	1	0
1796	1	0	15	0	26	7708	0	1	1	0
1797	1	0	20	0	28	9422	0	1	1	0
1798	1	0	9	0	24	6882	0	1	1	0
1800	1	0	5	0	26	7708	0	1	1	0
1801	1	0	4	0	26	7708	0	1	1	0
1803	1	0	3	0	24	6882	0	1	1	0
1812	1	0	11	0	26	7708	0	1	1	0
1813	1	0	8	0	26	7708	0	1	1	0
1814	1	0	12	0	24	6882	0	1	1	0
1816	1	0	15	0	26	7708	0	1	1	0
1817	1	0	20	0	28	9422	0	1	1	0
1818	1	0	5	0	26	7708	0	1	1	0
1819	1	0	9	0	24	6882	0	1	1	0
1820	1	0	16	0	28	9422	0	1	1	0
1822	1	0	4	0	26	7708	0	1	1	0
1823	1	0	3	0	24	6882	0	1	1	0
1831	1	0	11	0	26	7708	0	1	1	0
1833	1	0	8	0	26	7708	0	1	1	0
1834	1	0	12	0	24	6882	0	1	1	0
1835	1	0	14	0	24	6882	0	1	1	0
1836	1	0	15	0	26	7708	0	1	1	0
1837	1	0	20	0	28	9422	0	1	1	0
1838	1	0	5	0	26	7708	0	1	1	0
1839	1	0	16	0	28	9422	0	1	1	0
1840	1	0	1	0	26	7708	0	1	1	0
1842	1	0	4	0	26	7708	0	1	1	0
1846	1	0	9	0	24	6882	0	1	1	0
1850	1	0	11	0	26	7708	0	1	1	0
1851	1	0	3	0	24	6882	0	1	1	0
1852	1	0	8	0	26	7708	0	1	1	0
1854	1	0	12	0	24	6882	0	1	1	0
1855	1	0	15	0	26	7708	0	1	1	0
1857	1	0	20	0	28	9422	0	1	1	0
1858	1	0	5	0	26	7708	0	1	1	0
1866	1	0	16	0	28	9422	0	1	1	0
1868	1	0	11	0	26	7708	0	1	1	0
1869	1	0	4	0	26	7708	0	1	1	0
1870	1	0	8	0	26	7708	0	1	1	0
1877	1	0	12	0	24	6882	0	1	1	0
1878	1	0	3	0	24	6882	0	1	1	0
1879	1	0	15	0	26	7708	0	1	1	0
1880	1	0	9	0	24	6882	0	1	1	0
1881	1	0	20	0	28	9422	0	1	1	0
1882	1	0	5	0	26	7708	0	1	1	0
1890	1	0	4	0	26	7708	0	1	1	0
1893	1	0	11	0	26	7708	0	1	1	0
1894	1	0	8	0	26	7708	0	1	1	0
1895	1	0	12	0	24	6882	0	1	1	0
1901	1	0	9	0	24	6882	0	1	1	0
1903	1	0	14	0	24	6882	0	1	1	0
1906	1	0	15	0	26	7708	0	1	1	0
1907	1	0	20	0	28	9422	0	1	1	0
1908	1	0	5	0	26	7708	0	1	1	0
1909	1	0	1	0	26	7708	0	1	1	0
1910	1	0	4	0	26	7708	0	1	1	0
1911	1	0	3	0	24	6882	0	1	1	0
1912	1	0	11	0	26	7708	0	1	1	0
1913	1	0	8	0	26	7708	0	1	1	0
1914	1	0	12	0	24	6882	0	1	1	0
1928	1	0	9	0	24	6882	0	1	1	0
1929	1	0	15	0	26	7708	0	1	1	0
1930	1	0	20	0	28	9422	0	1	1	0
1931	1	0	5	0	26	7708	0	1	1	0
1932	1	0	11	0	26	7708	0	1	1	0
1933	1	0	8	0	26	7708	0	1	1	0
1934	1	0	12	0	24	6882	0	1	1	0
1945	1	0	4	0	26	7708	0	1	1	0
1946	1	0	3	0	24	6882	0	1	1	0
1950	1	0	15	0	26	7708	0	1	1	0
1952	1	0	20	0	28	9422	0	1	1	0
1953	1	0	5	0	26	7708	0	1	1	0
1954	1	0	11	0	26	7708	0	1	1	0
1955	1	0	9	0	24	6882	0	1	1	0
1956	1	0	8	0	26	7708	0	1	1	0
1957	1	0	12	0	24	6882	0	1	1	0
1965	1	0	4	0	26	7708	0	1	1	0
1971	1	0	14	0	24	6882	0	1	1	0
1974	1	0	15	0	26	7708	0	1	1	0
1975	1	0	20	0	28	9422	0	1	1	0
1976	1	0	5	0	26	7708	0	1	1	0
1977	1	0	1	0	26	7708	0	1	1	0
1978	1	0	11	0	26	7708	0	1	1	0
1980	1	0	3	0	24	6882	0	1	1	0
1981	1	0	8	0	26	7708	0	1	1	0
1982	1	0	12	0	24	6882	0	1	1	0
1989	1	0	9	0	24	6882	0	1	1	0
1992	1	0	4	0	26	7708	0	1	1	0
1993	1	0	20	0	28	9422	0	1	1	0
1994	1	0	5	0	26	7708	0	1	1	0
1998	1	0	15	0	26	7708	0	1	1	0
2001	1	0	3	0	24	6882	0	1	1	0
2003	1	0	11	0	26	7708	0	1	1	0
2004	1	0	8	0	26	7708	0	1	1	0
2005	1	0	12	0	24	6882	0	1	1	0
2013	1	0	20	0	28	9422	0	1	1	0
2015	1	0	5	0	26	7708	0	1	1	0
2019	1	0	15	0	26	7708	0	1	1	0
2022	1	0	11	0	26	7708	0	1	1	0
2023	1	0	8	0	26	7708	0	1	1	0
2024	1	0	12	0	24	6882	0	1	1	0
2026	1	0	4	0	26	7708	0	1	1	0
2028	1	0	3	0	24	6882	0	1	1	0
2034	1	0	20	0	28	9422	0	1	1	0
2035	1	0	5	0	26	7708	0	1	1	0
2039	1	0	15	0	26	7708	0	1	1	0
2042	1	0	11	0	26	7708	0	1	1	0
2043	1	0	8	0	26	7708	0	1	1	0
2044	1	0	12	0	24	6882	0	1	1	0
2045	1	0	1	0	26	7708	0	1	1	0
2047	1	0	4	0	26	7708	0	1	1	0
2055	1	0	3	0	24	6882	0	1	1	0
2056	1	0	20	0	28	9422	0	1	1	0
2057	1	0	5	0	26	7708	0	1	1	0
2061	1	0	15	0	26	7708	0	1	1	0
2064	1	0	11	0	26	7708	0	1	1	0
2065	1	0	8	0	26	7708	0	1	1	0
2066	1	0	12	0	24	6882	0	1	1	0
2067	1	0	4	0	26	7708	0	1	1	0
2076	1	0	20	0	28	9422	0	1	1	0
2077	1	0	5	0	26	7708	0	1	1	0
2082	1	0	3	0	24	6882	0	1	1	0
2083	1	0	15	0	26	7708	0	1	1	0
2086	1	0	11	0	26	7708	0	1	1	0
2087	1	0	8	0	26	7708	0	1	1	0
2088	1	0	12	0	24	6882	0	1	1	0
2095	1	0	4	0	26	7708	0	1	1	0
2097	1	0	20	0	28	9422	0	1	1	0
2098	1	0	5	0	26	7708	0	1	1	0
2100	1	0	16	0	28	9422	0	1	1	0
2103	1	0	15	0	26	7708	0	1	1	0
2106	1	0	11	0	26	7708	0	1	1	0
2107	1	0	8	0	26	7708	0	1	1	0
2108	1	0	14	0	24	6882	0	1	1	0
2110	1	0	3	0	24	6882	0	1	1	0
2111	1	0	12	0	24	6882	0	1	1	0
2113	1	0	1	0	26	7708	0	1	1	0
2115	1	0	4	0	26	7708	0	1	1	0
2116	1	0	5	0	26	7708	0	1	1	0
2121	1	0	20	0	28	9422	0	1	1	0
2124	1	0	11	0	26	7708	0	1	1	0
2125	1	0	8	0	26	7708	0	1	1	0
2127	1	0	15	0	26	7708	0	1	1	0
2132	1	0	16	0	28	9422	0	1	1	0
2133	1	0	12	0	24	6882	0	1	1	0
2136	1	0	4	0	26	7708	0	1	1	0
2137	1	0	5	0	26	7708	0	1	1	0
2143	1	0	20	0	28	9422	0	1	1	0
2145	1	0	11	0	26	7708	0	1	1	0
2147	1	0	8	0	26	7708	0	1	1	0
2150	1	0	15	0	26	7708	0	1	1	0
2151	1	0	3	0	24	6882	0	1	1	0
2153	1	0	16	0	28	9422	0	1	1	0
2154	1	0	2	0	24	6882	0	1	1	0
2155	1	0	5	0	26	7708	0	1	1	0
2158	1	0	12	0	24	6882	0	1	1	0
2161	1	0	20	0	28	9422	0	1	1	0
2163	1	0	11	0	26	7708	0	1	1	0
2165	1	0	4	0	26	7708	0	1	1	0
2166	1	0	8	0	26	7708	0	1	1	0
2169	1	0	15	0	26	7708	0	1	1	0
2178	1	0	5	0	26	7708	0	1	1	0
2180	1	0	16	0	28	9422	0	1	1	0
2182	1	0	1	0	26	7708	0	1	1	0
2183	1	0	4	0	26	7708	0	1	1	0
2184	1	0	3	0	24	6882	0	1	1	0
2185	1	0	12	0	24	6882	0	1	1	0
2188	1	0	20	0	28	9422	0	1	1	0
2190	1	0	11	0	26	7708	0	1	1	0
2191	1	0	8	0	26	7708	0	1	1	0
2195	1	0	2	0	24	6882	0	1	1	0
2196	1	0	15	0	26	7708	0	1	1	0
2199	1	0	5	0	26	7708	0	1	1	0
2201	1	0	16	0	28	9422	0	1	1	0
2203	1	0	12	0	24	6882	0	1	1	0
2204	1	0	4	0	26	7708	0	1	1	0
2205	1	0	3	0	24	6882	0	1	1	0
2208	1	0	20	0	28	9422	0	1	1	0
2210	1	0	11	0	26	7708	0	1	1	0
2212	1	0	8	0	26	7708	0	1	1	0
2214	1	0	15	0	26	7708	0	1	1	0
2217	1	0	5	0	26	7708	0	1	1	0
2221	1	0	12	0	24	6882	0	1	1	0
2222	1	0	2	0	24	6882	0	1	1	0
2224	1	0	4	0	26	7708	0	1	1	0
2228	1	0	16	0	28	9422	0	1	1	0
2232	1	0	20	0	28	9422	0	1	1	0
2235	1	0	11	0	26	7708	0	1	1	0
2236	1	0	8	0	26	7708	0	1	1	0
2238	1	0	15	0	26	7708	0	1	1	0
2240	1	0	3	0	24	6882	0	1	1	0
2243	1	0	5	0	26	7708	0	1	1	0
2244	1	0	14	0	24	6882	0	1	1	0
2248	1	0	12	0	24	6882	0	1	1	0
2249	1	0	2	0	24	6882	0	1	1	0
2250	1	0	1	0	26	7708	0	1	1	0
2251	1	0	16	0	28	9422	0	1	1	0
2252	1	0	4	0	26	7708	0	1	1	0
2254	1	0	20	0	28	9422	0	1	1	0
2257	1	0	11	0	26	7708	0	1	1	0
2258	1	0	8	0	26	7708	0	1	1	0
2260	1	0	15	0	26	7708	0	1	1	0
2262	1	0	5	0	26	7708	0	1	1	0
2267	1	0	12	0	24	6882	0	1	1	0
2275	1	0	20	0	28	9422	0	1	1	0
2276	1	0	2	0	24	6882	0	1	1	0
2278	1	0	16	0	28	9422	0	1	1	0
2279	1	0	4	0	26	7708	0	1	1	0
2280	1	0	5	0	26	7708	0	1	1	0
2281	1	0	11	0	26	7708	0	1	1	0
2282	1	0	8	0	26	7708	0	1	1	0
2285	1	0	15	0	26	7708	0	1	1	0
2287	1	0	3	0	24	6882	0	1	1	0
2292	1	0	12	0	24	6882	0	1	1	0
2295	1	0	20	0	28	9422	0	1	1	0
2299	1	0	4	0	26	7708	0	1	1	0
2304	1	0	2	0	24	6882	0	1	1	0
2305	1	0	5	0	26	7708	0	1	1	0
2306	1	0	11	0	26	7708	0	1	1	0
2307	1	0	8	0	26	7708	0	1	1	0
2309	1	0	16	0	28	9422	0	1	1	0
2310	1	0	15	0	26	7708	0	1	1	0
2316	1	0	12	0	24	6882	0	1	1	0
2318	1	0	1	0	26	7708	0	1	1	0
2320	1	0	20	0	28	9422	0	1	1	0
2321	1	0	3	0	24	6882	0	1	1	0
2325	1	0	11	0	26	7708	0	1	1	0
2326	1	0	8	0	26	7708	0	1	1	0
2327	1	0	4	0	26	7708	0	1	1	0
2329	1	0	15	0	26	7708	0	1	1	0
2331	1	0	2	0	24	6882	0	1	1	0
2332	1	0	5	0	26	7708	0	1	1	0
2335	1	0	12	0	24	6882	0	1	1	0
2337	1	0	16	0	28	9422	0	1	1	0
2339	1	0	20	0	28	9422	0	1	1	0
2347	1	0	4	0	26	7708	0	1	1	0
2350	1	0	11	0	26	7708	0	1	1	0
2351	1	0	8	0	26	7708	0	1	1	0
2353	1	0	17	0	28	9422	0	1	1	0
2354	1	0	15	0	26	7708	0	1	1	0
2356	1	0	3	0	24	6882	0	1	1	0
2357	1	0	5	0	26	7708	0	1	1	0
2360	1	0	12	0	24	6882	0	1	1	0
2363	1	0	20	0	28	9422	0	1	1	0
2366	1	0	2	0	24	6882	0	1	1	0
2374	1	0	4	0	26	7708	0	1	1	0
2375	1	0	11	0	26	7708	0	1	1	0
2376	1	0	8	0	26	7708	0	1	1	0
2378	1	0	15	0	26	7708	0	1	1	0
2380	1	0	5	0	26	7708	0	1	1	0
2382	1	0	17	0	28	9422	0	1	1	0
2384	1	0	12	0	24	6882	0	1	1	0
2385	1	0	2	0	24	6882	0	1	1	0
2387	1	0	1	0	26	7708	0	1	1	0
2389	1	0	20	0	28	9422	0	1	1	0
2396	1	0	4	0	26	7708	0	1	1	0
2398	1	0	11	0	26	7708	0	1	1	0
2399	1	0	8	0	26	7708	0	1	1	0
2401	1	0	15	0	26	7708	0	1	1	0
2404	1	0	5	0	26	7708	0	1	1	0
2407	1	0	12	0	24	6882	0	1	1	0
2410	1	0	3	0	24	6882	0	1	1	0
2411	1	0	20	0	28	9422	0	1	1	0
2416	1	0	4	0	26	7708	0	1	1	0
2420	1	0	11	0	26	7708	0	1	1	0
2421	1	0	8	0	26	7708	0	1	1	0
2423	1	0	15	0	26	7708	0	1	1	0
2426	1	0	16	0	28	9422	0	1	1	0
2427	1	0	5	0	26	7708	0	1	1	0
2431	1	0	12	0	24	6882	0	1	1	0
2433	1	0	20	0	28	9422	0	1	1	0
2437	1	0	3	0	24	6882	0	1	1	0
2438	1	0	2	0	24	6882	0	1	1	0
2441	1	0	15	0	26	7708	0	1	1	0
2443	1	0	4	0	26	7708	0	1	1	0
2445	1	0	18	0	28	9422	0	1	1	0
2446	1	0	11	0	26	7708	0	1	1	0
2450	1	0	8	0	26	7708	0	1	1	0
2455	1	0	12	0	24	6882	0	1	1	0
2460	1	0	15	0	26	7708	0	1	1	0
2461	1	0	20	0	28	9422	0	1	1	0
2462	1	0	5	0	26	7708	0	1	1	0
2464	1	0	18	0	28	9422	0	1	1	0
2465	1	0	3	0	24	6882	0	1	1	0
2468	1	0	2	0	24	6882	0	1	1	0
2470	1	0	17	0	28	9422	0	1	1	0
2471	1	0	4	0	26	7708	0	1	1	0
2480	1	0	11	0	26	7708	0	1	1	0
2481	1	0	8	0	26	7708	0	1	1	0
2482	1	0	12	0	24	6882	0	1	1	0
2483	1	0	15	0	26	7708	0	1	1	0
2484	1	0	18	0	28	9422	0	1	1	0
2485	1	0	20	0	28	9422	0	1	1	0
2486	1	0	5	0	26	7708	0	1	1	0
2491	1	0	4	0	26	7708	0	1	1	0
2492	1	0	3	0	24	6882	0	1	1	0
2495	1	0	2	0	24	6882	0	1	1	0
2498	1	0	11	0	26	7708	0	1	1	0
2499	1	0	8	0	26	7708	0	1	1	0
2500	1	0	12	0	24	6882	0	1	1	0
2501	1	0	15	0	26	7708	0	1	1	0
2502	1	0	18	0	28	9422	0	1	1	0
2503	1	0	17	0	28	9422	0	1	1	0
2505	1	0	20	0	28	9422	0	1	1	0
2506	1	0	5	0	26	7708	0	1	1	0
2511	1	0	4	0	26	7708	0	1	1	0
2516	1	0	11	0	26	7708	0	1	1	0
2517	1	0	8	0	26	7708	0	1	1	0
2518	1	0	12	0	24	6882	0	1	1	0
2520	1	0	15	0	26	7708	0	1	1	0
2523	1	0	2	0	24	6882	0	1	1	0
2529	1	0	20	0	28	9422	0	1	1	0
2530	1	0	5	0	26	7708	0	1	1	0
2531	1	0	17	0	28	9422	0	1	1	0
2533	1	0	18	0	28	9422	0	1	1	0
2538	1	0	4	0	26	7708	0	1	1	0
2540	1	0	11	0	26	7708	0	1	1	0
2541	1	0	8	0	26	7708	0	1	1	0
2543	1	0	12	0	24	6882	0	1	1	0
2544	1	0	15	0	26	7708	0	1	1	0
2550	1	0	2	0	24	6882	0	1	1	0
2552	1	0	18	0	28	9422	0	1	1	0
2556	1	0	20	0	28	9422	0	1	1	0
2557	1	0	5	0	26	7708	0	1	1	0
2558	1	0	11	0	26	7708	0	1	1	0
2559	1	0	17	0	28	9422	0	1	1	0
2560	1	0	3	0	24	6882	0	1	1	0
2561	1	0	4	0	26	7708	0	1	1	0
2562	1	0	8	0	26	7708	0	1	1	0
2564	1	0	12	0	24	6882	0	1	1	0
2565	1	0	15	0	26	7708	0	1	1	0
2575	1	0	20	0	28	9422	0	1	1	0
2576	1	0	5	0	26	7708	0	1	1	0
2577	1	0	14	0	24	6882	0	1	1	0
2578	1	0	18	0	28	9422	0	1	1	0
2579	1	0	4	0	26	7708	0	1	1	0
2580	1	0	11	0	26	7708	0	1	1	0
2581	1	0	8	0	26	7708	0	1	1	0
2582	1	0	12	0	24	6882	0	1	1	0
2583	1	0	2	0	24	6882	0	1	1	0
2585	1	0	15	0	26	7708	0	1	1	0
2594	1	0	17	0	28	9422	0	1	1	0
2595	1	0	20	0	28	9422	0	1	1	0
2596	1	0	5	0	26	7708	0	1	1	0
2599	1	0	18	0	28	9422	0	1	1	0
2600	1	0	4	0	26	7708	0	1	1	0
2601	1	0	12	0	24	6882	0	1	1	0
2603	1	0	15	0	26	7708	0	1	1	0
2604	1	0	2	0	24	6882	0	1	1	0
2608	1	0	11	0	26	7708	0	1	1	0
2609	1	0	8	0	26	7708	0	1	1	0
2613	1	0	20	0	28	9422	0	1	1	0
2615	1	0	5	0	26	7708	0	1	1	0
2616	1	0	3	0	24	6882	0	1	1	0
2620	1	0	12	0	24	6882	0	1	1	0
2621	1	0	15	0	26	7708	0	1	1	0
2622	1	0	17	0	28	9422	0	1	1	0
2625	1	0	18	0	28	9422	0	1	1	0
2627	1	0	11	0	26	7708	0	1	1	0
2628	1	0	8	0	26	7708	0	1	1	0
2634	1	0	4	0	26	7708	0	1	1	0
2635	1	0	20	0	28	9422	0	1	1	0
2636	1	0	5	0	26	7708	0	1	1	0
2638	1	0	2	0	24	6882	0	1	1	0
2640	1	0	12	0	24	6882	0	1	1	0
2643	1	0	15	0	26	7708	0	1	1	0
2647	1	0	11	0	26	7708	0	1	1	0
2649	1	0	3	0	24	6882	0	1	1	0
2650	1	0	17	0	28	9422	0	1	1	0
2651	1	0	8	0	26	7708	0	1	1	0
2652	1	0	18	0	28	9422	0	1	1	0
2657	1	0	20	0	28	9422	0	1	1	0
2658	1	0	5	0	26	7708	0	1	1	0
2662	1	0	4	0	26	7708	0	1	1	0
2663	1	0	12	0	24	6882	0	1	1	0
2664	1	0	15	0	26	7708	0	1	1	0
2666	1	0	2	0	24	6882	0	1	1	0
2670	1	0	3	0	24	6882	0	1	1	0
2671	1	0	11	0	26	7708	0	1	1	0
2673	1	0	8	0	26	7708	0	1	1	0
2674	1	0	18	0	28	9422	0	1	1	0
2677	1	0	20	0	28	9422	0	1	1	0
2678	1	0	5	0	26	7708	0	1	1	0
2681	1	0	12	0	24	6882	0	1	1	0
2682	1	0	15	0	26	7708	0	1	1	0
2686	1	0	2	0	24	6882	0	1	1	0
2687	1	0	17	0	28	9422	0	1	1	0
2694	1	0	11	0	26	7708	0	1	1	0
2695	1	0	8	0	26	7708	0	1	1	0
2698	1	0	20	0	28	9422	0	1	1	0
2699	1	0	5	0	26	7708	0	1	1	0
2702	1	0	12	0	24	6882	0	1	1	0
2703	1	0	3	0	24	6882	0	1	1	0
2704	1	0	15	0	26	7708	0	1	1	0
2709	1	0	17	0	28	9422	0	1	1	0
2715	1	0	11	0	26	7708	0	1	1	0
2716	1	0	8	0	26	7708	0	1	1	0
2719	1	0	20	0	28	9422	0	1	1	0
2720	1	0	5	0	26	7708	0	1	1	0
2724	1	0	12	0	24	6882	0	1	1	0
2725	1	0	15	0	26	7708	0	1	1	0
2727	1	0	2	0	24	6882	0	1	1	0
2731	1	0	3	0	24	6882	0	1	1	0
2736	1	0	17	0	28	9422	0	1	1	0
2737	1	0	11	0	26	7708	0	1	1	0
2739	1	0	8	0	26	7708	0	1	1	0
2743	1	0	20	0	28	9422	0	1	1	0
2744	1	0	5	0	26	7708	0	1	1	0
2747	1	0	12	0	24	6882	0	1	1	0
2749	1	0	15	0	26	7708	0	1	1	0
2755	1	0	2	0	24	6882	0	1	1	0
2759	1	0	11	0	26	7708	0	1	1	0
2760	1	0	8	0	26	7708	0	1	1	0
2763	1	0	20	0	28	9422	0	1	1	0
2764	1	0	5	0	26	7708	0	1	1	0
2765	1	0	3	0	24	6882	0	1	1	0
2768	1	0	17	0	28	9422	0	1	1	0
2769	1	0	12	0	24	6882	0	1	1	0
2770	1	0	15	0	26	7708	0	1	1	0
2780	1	0	11	0	26	7708	0	1	1	0
2781	1	0	8	0	26	7708	0	1	1	0
2782	1	0	2	0	24	6882	0	1	1	0
2785	1	0	20	0	28	9422	0	1	1	0
2786	1	0	5	0	26	7708	0	1	1	0
2789	1	0	12	0	24	6882	0	1	1	0
2790	1	0	15	0	26	7708	0	1	1	0
2792	1	0	3	0	24	6882	0	1	1	0
2796	1	0	17	0	28	9422	0	1	1	0
2803	1	0	11	0	26	7708	0	1	1	0
2804	1	0	8	0	26	7708	0	1	1	0
2808	1	0	20	0	28	9422	0	1	1	0
2809	1	0	5	0	26	7708	0	1	1	0
2812	1	0	12	0	24	6882	0	1	1	0
2813	1	0	15	0	26	7708	0	1	1	0
2815	1	0	2	0	24	6882	0	1	1	0
2824	1	0	11	0	26	7708	0	1	1	0
2825	1	0	8	0	26	7708	0	1	1	0
2826	1	0	3	0	24	6882	0	1	1	0
2829	1	0	20	0	28	9422	0	1	1	0
2830	1	0	17	0	28	9422	0	1	1	0
2831	1	0	5	0	26	7708	0	1	1	0
2835	1	0	12	0	24	6882	0	1	1	0
2836	1	0	2	0	24	6882	0	1	1	0
2837	1	0	15	0	26	7708	0	1	1	0
2846	1	0	11	0	26	7708	0	1	1	0
2847	1	0	3	0	24	6882	0	1	1	0
2848	1	0	8	0	26	7708	0	1	1	0
2851	1	0	19	0	26	7708	0	1	1	0
2853	1	0	20	0	28	9422	0	1	1	0
2854	1	0	5	0	26	7708	0	1	1	0
2857	1	0	17	0	28	9422	0	1	1	0
2859	1	0	12	0	24	6882	0	1	1	0
2860	1	0	15	0	26	7708	0	1	1	0
2869	1	0	11	0	26	7708	0	1	1	0
2870	1	0	2	0	24	6882	0	1	1	0
2871	1	0	8	0	26	7708	0	1	1	0
2874	1	0	3	0	24	6882	0	1	1	0
2875	1	0	20	0	28	9422	0	1	1	0
2876	1	0	5	0	26	7708	0	1	1	0
2879	1	0	12	0	24	6882	0	1	1	0
2880	1	0	15	0	26	7708	0	1	1	0
2882	1	0	4	0	26	7708	0	1	1	0
2891	1	0	11	0	26	7708	0	1	1	0
2892	1	0	8	0	26	7708	0	1	1	0
2895	1	0	20	0	28	9422	0	1	1	0
2896	1	0	5	0	26	7708	0	1	1	0
2899	1	0	12	0	24	6882	0	1	1	0
2900	1	0	15	0	26	7708	0	1	1	0
2902	1	0	4	0	26	7708	0	1	1	0
2904	1	0	2	0	24	6882	0	1	1	0
2908	1	0	3	0	24	6882	0	1	1	0
2913	1	0	11	0	26	7708	0	1	1	0
2914	1	0	8	0	26	7708	0	1	1	0
2918	1	0	20	0	28	9422	0	1	1	0
2919	1	0	5	0	26	7708	0	1	1	0
2922	1	0	4	0	26	7708	0	1	1	0
2923	1	0	12	0	24	6882	0	1	1	0
2924	1	0	15	0	26	7708	0	1	1	0
2930	1	0	3	0	24	6882	0	1	1	0
2935	1	0	11	0	26	7708	0	1	1	0
2937	1	0	8	0	26	7708	0	1	1	0
2940	1	0	20	0	28	9422	0	1	1	0
2941	1	0	5	0	26	7708	0	1	1	0
2943	1	0	4	0	26	7708	0	1	1	0
2945	1	0	12	0	24	6882	0	1	1	0
2946	1	0	15	0	26	7708	0	1	1	0
2953	1	0	17	0	28	9422	0	1	1	0
2957	1	0	3	0	24	6882	0	1	1	0
2958	1	0	11	0	26	7708	0	1	1	0
2959	1	0	2	0	24	6882	0	1	1	0
2960	1	0	8	0	26	7708	0	1	1	0
2963	1	0	20	0	28	9422	0	1	1	0
2964	1	0	5	0	26	7708	0	1	1	0
2967	1	0	12	0	24	6882	0	1	1	0
2968	1	0	15	0	26	7708	0	1	1	0
2977	1	0	4	0	26	7708	0	1	1	0
2978	1	0	11	0	26	7708	0	1	1	0
2979	1	0	8	0	26	7708	0	1	1	0
2982	1	0	20	0	28	9422	0	1	1	0
2983	1	0	5	0	26	7708	0	1	1	0
2984	1	0	3	0	24	6882	0	1	1	0
2986	1	0	14	0	24	6882	0	1	1	0
2988	1	0	19	0	26	7708	0	1	1	0
2990	1	0	12	0	24	6882	0	1	1	0
2992	1	0	15	0	26	7708	0	1	1	0
2993	1	0	17	0	28	9422	0	1	1	0
2997	1	0	11	0	26	7708	0	1	1	0
2998	1	0	8	0	26	7708	0	1	1	0
3001	1	0	20	0	28	9422	0	1	1	0
3002	1	0	5	0	26	7708	0	1	1	0
3004	1	0	4	0	26	7708	0	1	1	0
3012	1	0	3	0	24	6882	0	1	1	0
3013	1	0	12	0	24	6882	0	1	1	0
3014	1	0	15	0	26	7708	0	1	1	0
3017	1	0	11	0	26	7708	0	1	1	0
3018	1	0	8	0	26	7708	0	1	1	0
3021	1	0	17	0	28	9422	0	1	1	0
3023	1	0	20	0	28	9422	0	1	1	0
3024	1	0	5	0	26	7708	0	1	1	0
3031	1	0	4	0	26	7708	0	1	1	0
3032	1	0	13	0	26	7708	0	1	1	0
3036	1	0	12	0	24	6882	0	1	1	0
3037	1	0	15	0	26	7708	0	1	1	0
3038	1	0	3	0	24	6882	0	1	1	0
3041	1	0	2	0	24	6882	0	1	1	0
3042	1	0	11	0	26	7708	0	1	1	0
3043	1	0	8	0	26	7708	0	1	1	0
3047	1	0	20	0	28	9422	0	1	1	0
3048	1	0	5	0	26	7708	0	1	1	0
3055	1	0	14	0	24	6882	0	1	1	0
3059	1	0	4	0	26	7708	0	1	1	0
3060	1	0	12	0	24	6882	0	1	1	0
3061	1	0	15	0	26	7708	0	1	1	0
3062	1	0	17	0	28	9422	0	1	1	0
3065	1	0	11	0	26	7708	0	1	1	0
3066	1	0	8	0	26	7708	0	1	1	0
3067	1	0	9	0	24	6882	0	1	1	0
3068	1	0	2	0	24	6882	0	1	1	0
3071	1	0	20	0	28	9422	0	1	1	0
3073	1	0	5	0	26	7708	0	1	1	0
3079	1	0	4	0	26	7708	0	1	1	0
3084	1	0	11	0	26	7708	0	1	1	0
3085	1	0	8	0	26	7708	0	1	1	0
3086	1	0	13	0	26	7708	0	1	1	0
3087	1	0	12	0	24	6882	0	1	1	0
3088	1	0	15	0	26	7708	0	1	1	0
3089	1	0	20	0	28	9422	0	1	1	0
3094	1	0	19	0	26	7708	0	1	1	0
3095	1	0	17	0	28	9422	0	1	1	0
3099	1	0	5	0	26	7708	0	1	1	0
3101	1	0	9	0	24	6882	0	1	1	0
3102	1	0	2	0	24	6882	0	1	1	0
3104	1	0	4	0	26	7708	0	1	1	0
3105	1	0	11	0	26	7708	0	1	1	0
3106	1	0	8	0	26	7708	0	1	1	0
3107	1	0	12	0	24	6882	0	1	1	0
3108	1	0	15	0	26	7708	0	1	1	0
3110	1	0	20	0	28	9422	0	1	1	0
3113	1	0	13	0	26	7708	0	1	1	0
3119	1	0	5	0	26	7708	0	1	1	0
3121	1	0	9	0	24	6882	0	1	1	0
3123	1	0	14	0	24	6882	0	1	1	0
3124	1	0	19	0	26	7708	0	1	1	0
3125	1	0	17	0	28	9422	0	1	1	0
3126	1	0	8	0	26	7708	0	1	1	0
3127	1	0	4	0	26	7708	0	1	1	0
3128	1	0	12	0	24	6882	0	1	1	0
3129	1	0	15	0	26	7708	0	1	1	0
3130	1	0	20	0	28	9422	0	1	1	0
3133	1	0	11	0	26	7708	0	1	1	0
3138	1	0	21	0	28	9422	0	1	1	0
3139	1	0	13	0	26	7708	0	1	1	0
3144	1	0	5	0	26	7708	0	1	1	0
3146	1	0	8	0	26	7708	0	1	1	0
3147	1	0	12	0	24	6882	0	1	1	0
3148	1	0	4	0	26	7708	0	1	1	0
3149	1	0	15	0	26	7708	0	1	1	0
3150	1	0	20	0	28	9422	0	1	1	0
3152	1	0	11	0	26	7708	0	1	1	0
3155	1	0	9	0	24	6882	0	1	1	0
3156	1	0	21	0	28	9422	0	1	1	0
3158	1	0	17	0	28	9422	0	1	1	0
3159	1	0	19	0	26	7708	0	1	1	0
3163	1	0	5	0	26	7708	0	1	1	0
3164	1	0	2	0	24	6882	0	1	1	0
3166	1	0	8	0	26	7708	0	1	1	0
3167	1	0	12	0	24	6882	0	1	1	0
3168	1	0	13	0	26	7708	0	1	1	0
3169	1	0	4	0	26	7708	0	1	1	0
3171	1	0	15	0	26	7708	0	1	1	0
3172	1	0	20	0	28	9422	0	1	1	0
3174	1	0	11	0	26	7708	0	1	1	0
3176	1	0	9	0	24	6882	0	1	1	0
3182	1	0	5	0	26	7708	0	1	1	0
3183	1	0	21	0	28	9422	0	1	1	0
3184	1	0	17	0	28	9422	0	1	1	0
3186	1	0	8	0	26	7708	0	1	1	0
3187	1	0	12	0	24	6882	0	1	1	0
3188	1	0	4	0	26	7708	0	1	1	0
3189	1	0	15	0	26	7708	0	1	1	0
3190	1	0	20	0	28	9422	0	1	1	0
3191	1	0	2	0	24	6882	0	1	1	0
3193	1	0	11	0	26	7708	0	1	1	0
3195	1	0	13	0	26	7708	0	1	1	0
3201	1	0	5	0	26	7708	0	1	1	0
3203	1	0	9	0	24	6882	0	1	1	0
3205	1	0	8	0	26	7708	0	1	1	0
3206	1	0	21	0	28	9422	0	1	1	0
3207	1	0	12	0	24	6882	0	1	1	0
3208	1	0	15	0	26	7708	0	1	1	0
3210	1	0	4	0	26	7708	0	1	1	0
3211	1	0	20	0	28	9422	0	1	1	0
3213	1	0	17	0	28	9422	0	1	1	0
3215	1	0	11	0	26	7708	0	1	1	0
3220	1	0	19	0	26	7708	0	1	1	0
3221	1	0	14	0	24	6882	0	1	1	0
3222	1	0	13	0	26	7708	0	1	1	0
3227	1	0	21	0	28	9422	0	1	1	0
3228	1	0	5	0	26	7708	0	1	1	0
3230	1	0	8	0	26	7708	0	1	1	0
3231	1	0	12	0	24	6882	0	1	1	0
3232	1	0	2	0	24	6882	0	1	1	0
3234	1	0	15	0	26	7708	0	1	1	0
3235	1	0	20	0	28	9422	0	1	1	0
3237	1	0	9	0	24	6882	0	1	1	0
3239	1	0	11	0	26	7708	0	1	1	0
3242	1	0	17	0	28	9422	0	1	1	0
3247	1	0	21	0	28	9422	0	1	1	0
3248	1	0	5	0	26	7708	0	1	1	0
3250	1	0	8	0	26	7708	0	1	1	0
3251	1	0	12	0	24	6882	0	1	1	0
3252	1	0	15	0	26	7708	0	1	1	0
3253	1	0	20	0	28	9422	0	1	1	0
3256	1	0	13	0	26	7708	0	1	1	0
3257	1	0	9	0	24	6882	0	1	1	0
3258	1	0	4	0	26	7708	0	1	1	0
3259	1	0	14	0	24	6882	0	1	1	0
3260	1	0	11	0	26	7708	0	1	1	0
3266	1	0	2	0	24	6882	0	1	1	0
3267	1	0	17	0	28	9422	0	1	1	0
3268	1	0	5	0	26	7708	0	1	1	0
3273	1	0	8	0	26	7708	0	1	1	0
3275	1	0	12	0	24	6882	0	1	1	0
3276	1	0	15	0	26	7708	0	1	1	0
3277	1	0	13	0	26	7708	0	1	1	0
3278	1	0	4	0	26	7708	0	1	1	0
3279	1	0	20	0	28	9422	0	1	1	0
3281	1	0	11	0	26	7708	0	1	1	0
3285	1	0	9	0	24	6882	0	1	1	0
3287	1	0	2	0	24	6882	0	1	1	0
3289	1	0	5	0	26	7708	0	1	1	0
3292	1	0	8	0	26	7708	0	1	1	0
3293	1	0	12	0	24	6882	0	1	1	0
3294	1	0	17	0	28	9422	0	1	1	0
3295	1	0	15	0	26	7708	0	1	1	0
3298	1	0	4	0	26	7708	0	1	1	0
3299	1	0	11	0	26	7708	0	1	1	0
3304	1	0	20	0	28	9422	0	1	1	0
3312	1	0	9	0	24	6882	0	1	1	0
3313	1	0	5	0	26	7708	0	1	1	0
3315	1	0	8	0	26	7708	0	1	1	0
3316	1	0	12	0	24	6882	0	1	1	0
3317	1	0	15	0	26	7708	0	1	1	0
3318	1	0	4	0	26	7708	0	1	1	0
3320	1	0	2	0	24	6882	0	1	1	0
3322	1	0	11	0	26	7708	0	1	1	0
3326	1	0	20	0	28	9422	0	1	1	0
3334	1	0	17	0	28	9422	0	1	1	0
3335	1	0	5	0	26	7708	0	1	1	0
3337	1	0	8	0	26	7708	0	1	1	0
3338	1	0	12	0	24	6882	0	1	1	0
3339	1	0	4	0	26	7708	0	1	1	0
3340	1	0	15	0	26	7708	0	1	1	0
3343	1	0	11	0	26	7708	0	1	1	0
3346	1	0	13	0	26	7708	0	1	1	0
3350	1	0	20	0	28	9422	0	1	1	0
3353	1	0	9	0	24	6882	0	1	1	0
3355	1	0	8	0	26	7708	0	1	1	0
3356	1	0	12	0	24	6882	0	1	1	0
3359	1	0	4	0	26	7708	0	1	1	0
3361	1	0	5	0	26	7708	0	1	1	0
3362	1	0	11	0	26	7708	0	1	1	0
3365	1	0	15	0	26	7708	0	1	1	0
3368	1	0	17	0	28	9422	0	1	1	0
3369	1	0	2	0	24	6882	0	1	1	0
3377	1	0	20	0	28	9422	0	1	1	0
3380	1	0	13	0	26	7708	0	1	1	0
3381	1	0	9	0	24	6882	0	1	1	0
3383	1	0	8	0	26	7708	0	1	1	0
3384	1	0	12	0	24	6882	0	1	1	0
3385	1	0	15	0	26	7708	0	1	1	0
3386	1	0	4	0	26	7708	0	1	1	0
3389	1	0	5	0	26	7708	0	1	1	0
3390	1	0	11	0	26	7708	0	1	1	0
3391	1	0	17	0	28	9422	0	1	1	0
3396	1	0	14	0	24	6882	0	1	1	0
3397	1	0	2	0	24	6882	0	1	1	0
3399	1	0	10	0	28	9422	0	1	1	0
3400	1	0	20	0	28	9422	0	1	1	0
3403	1	0	8	0	26	7708	0	1	1	0
3404	1	0	12	0	24	6882	0	1	1	0
3405	1	0	4	0	26	7708	0	1	1	0
3406	1	0	15	0	26	7708	0	1	1	0
3408	1	0	9	0	24	6882	0	1	1	0
3409	1	0	5	0	26	7708	0	1	1	0
3410	1	0	11	0	26	7708	0	1	1	0
3423	1	0	20	0	28	9422	0	1	1	0
3424	1	0	2	0	24	6882	0	1	1	0
3427	1	0	13	0	26	7708	0	1	1	0
3428	1	0	8	0	26	7708	0	1	1	0
3429	1	0	12	0	24	6882	0	1	1	0
3430	1	0	15	0	26	7708	0	1	1	0
3432	1	0	5	0	26	7708	0	1	1	0
3433	1	0	11	0	26	7708	0	1	1	0
3435	1	0	9	0	24	6882	0	1	1	0
3442	1	0	4	0	26	7708	0	1	1	0
3446	1	0	20	0	28	9422	0	1	1	0
3450	1	0	8	0	26	7708	0	1	1	0
3451	1	0	2	0	24	6882	0	1	1	0
3452	1	0	12	0	24	6882	0	1	1	0
3453	1	0	15	0	26	7708	0	1	1	0
3455	1	0	21	0	28	9422	0	1	1	0
3456	1	0	13	0	26	7708	0	1	1	0
3458	1	0	5	0	26	7708	0	1	1	0
3459	1	0	11	0	26	7708	0	1	1	0
3462	1	0	4	0	26	7708	0	1	1	0
3464	1	0	14	0	24	6882	0	1	1	0
3466	1	0	20	0	28	9422	0	1	1	0
3468	1	0	17	0	28	9422	0	1	1	0
3470	1	0	9	0	24	6882	0	1	1	0
3474	1	0	8	0	26	7708	0	1	1	0
3477	1	0	12	0	24	6882	0	1	1	0
3478	1	0	15	0	26	7708	0	1	1	0
3480	1	0	5	0	26	7708	0	1	1	0
3481	1	0	11	0	26	7708	0	1	1	0
3483	1	0	13	0	26	7708	0	1	1	0
3486	1	0	2	0	24	6882	0	1	1	0
3488	1	0	20	0	28	9422	0	1	1	0
3489	1	0	3	0	24	6882	0	1	1	0
3490	1	0	4	0	26	7708	0	1	1	0
3494	1	0	8	0	26	7708	0	1	1	0
3498	1	0	12	0	24	6882	0	1	1	0
3499	1	0	17	0	28	9422	0	1	1	0
3500	1	0	15	0	26	7708	0	1	1	0
3502	1	0	5	0	26	7708	0	1	1	0
