timestamp,ueImsiComplete,numActiveUes,RRC.ConnMean,DRB.EstabSucc.5QI.UEID (numDrb),DRB.RelActNbr.5QI.UEID (0),L3 serving Id(m_cellId),UE (imsi),L3 serving SINR,L3 serving SINR 3gpp,L3 neigh Id 1 (cellId),L3 neigh SINR 1,L3 neigh SINR 3gpp 1 (convertedSinr),L3 neigh Id 2 (cellId),L3 neigh SINR 2,L3 neigh SINR 3gpp 2 (convertedSinr),L3 neigh Id 3 (cellId),L3 neigh SINR 3,L3 neigh SINR 3gpp 3 (convertedSinr),L3 neigh Id 4 (cellId),L3 neigh SINR 4,L3 neigh SINR 3gpp 4 (convertedSinr),L3 neigh Id 5 (cellId),L3 neigh SINR 5,L3 neigh SINR 3gpp 5 (convertedSinr),L3 neigh Id 6 (cellId),L3 neigh SINR 6,L3 neigh SINR 3gpp 6 (convertedSinr),L3 neigh Id 7 (cellId),L3 neigh SINR 7,L3 neigh SINR 3gpp 7 (convertedSinr),L3 neigh Id 8 (cellId),L3 neigh SINR 8,L3 neigh SINR 3gpp 8 (convertedSinr)
1771730699848,00011,2,1,0,0,6,11,16.363999,79.000000,2,13.173512,73.000000,5,3.190415,53.000000,8,2.402314,51.000000,7,-0.253055,46.000000,3,-0.945191,44.000000,4,-9.566028,27.000000,,,,,,
1771730699848,00012,2,1,0,0,6,12,14.850312,76.000000,7,5.899695,58.000000,8,5.080506,57.000000,2,-1.865249,43.000000,4,-9.113210,28.000000,3,-14.877891,16.000000,5,-15.775224,15.000000,,,,,,
1771730699948,00011,2,2,0,0,6,11,18.174615,83.000000,2,19.053303,85.000000,5,6.006183,58.000000,8,0.553960,47.000000,3,-1.229486,44.000000,7,-5.654697,35.000000,4,-8.450910,29.000000,,,,,,
1771730699948,00012,2,2,0,0,6,12,13.218089,73.000000,7,9.154540,65.000000,8,2.407765,51.000000,2,-2.971384,40.000000,4,-6.695017,33.000000,3,-12.345029,21.000000,5,-17.765791,11.000000,,,,,,
1771730700048,00011,2,2,0,0,6,11,17.591459,82.000000,2,17.297824,81.000000,5,6.718492,60.000000,3,2.137865,51.000000,8,0.666786,48.000000,4,-5.900390,34.000000,7,-6.629266,33.000000,,,,,,
1771730700048,00012,2,2,0,0,6,12,13.144833,73.000000,7,12.881065,72.000000,8,2.613711,52.000000,2,0.579462,48.000000,4,-6.722234,33.000000,3,-10.039380,26.000000,5,-15.843909,14.000000,,,,,,
1771730700148,00011,2,2,0,0,6,11,9.380019,65.000000,2,14.391670,75.000000,5,1.491974,49.000000,3,0.950976,48.000000,8,0.723555,48.000000,7,-4.100182,38.000000,4,-10.611251,25.000000,,,,,,
1771730700148,00012,2,2,0,0,6,12,12.339843,71.000000,7,12.930642,72.000000,2,2.511108,51.000000,8,0.806240,48.000000,4,-5.274944,36.000000,3,-10.578728,25.000000,5,-13.526329,19.000000,,,,,,
1771730700248,00011,1,1,0,0,6,11,13.197482,73.000000,2,17.461910,82.000000,8,1.315179,49.000000,3,-0.243061,46.000000,5,-0.503253,45.000000,7,-6.808664,33.000000,4,-9.943407,26.000000,,,,,,
