% time	cellId	IMSI	frame	sframe	RNTI	mcs	size	ccId
0.12	0	0	13	1	5	0	349	0
0.121	0	0	13	2	11	0	349	0
0.122	0	0	13	3	8	0	349	0
0.123	0	0	13	4	12	0	349	0
0.124	0	0	13	5	15	0	349	0
0.125	0	0	13	6	20	0	349	0
0.126	0	0	13	7	5	0	349	0
0.127	0	0	13	8	11	0	349	0
0.128	0	0	13	9	8	0	349	0
0.129	0	0	13	10	12	0	349	0
0.13	0	0	14	1	15	0	349	0
0.131	0	0	14	2	20	0	349	0
0.133	0	0	14	4	3	0	349	0
0.134	0	0	14	5	4	0	349	0
0.135	0	0	14	6	7	0	349	0
0.136	0	0	14	7	9	0	349	0
0.137	0	0	14	8	10	0	349	0
0.138	0	0	14	9	19	0	349	0
0.139	0	0	14	10	11	0	349	0
0.14	0	0	15	1	8	0	349	0
0.141	0	0	15	2	12	0	349	0
0.142	0	0	15	3	2	0	349	0
0.143	0	0	15	4	18	0	349	0
0.144	0	0	15	5	15	0	349	0
0.145	0	0	15	6	20	0	349	0
0.146	0	0	15	7	5	0	349	0
0.15	0	0	16	1	15	0	349	0
0.151	0	0	16	2	20	0	349	0
0.152	0	0	16	3	5	0	349	0
0.159	0	0	16	10	11	0	349	0
0.16	0	0	17	1	8	0	349	0
0.161	0	0	17	2	12	0	349	0
0.162	0	0	17	3	15	0	349	0
0.163	0	0	17	4	20	0	349	0
0.164	0	0	17	5	5	0	349	0
0.165	0	0	17	6	11	0	349	0
0.166	0	0	17	7	8	0	349	0
0.167	0	0	17	8	12	0	349	0
0.168	0	0	17	9	15	0	349	0
0.169	0	0	17	10	20	0	349	0
0.17	0	0	18	1	5	0	349	0
0.177	0	0	18	8	11	0	349	0
0.178	0	0	18	9	8	0	349	0
0.179	0	0	18	10	12	0	349	0
0.18	0	0	19	1	15	0	349	0
0.181	0	0	19	2	20	0	349	0
0.182	0	0	19	3	5	0	349	0
0.183	0	0	19	4	11	0	349	0
0.184	0	0	19	5	8	0	349	0
0.185	0	0	19	6	12	0	349	0
0.186	0	0	19	7	15	0	349	0
0.187	0	0	19	8	20	0	349	0
0.188	0	0	19	9	5	0	349	0
0.195	0	0	20	6	11	0	349	0
0.196	0	0	20	7	8	0	349	0
0.197	0	0	20	8	12	0	349	0
0.198	0	0	20	9	15	0	349	0
0.199	0	0	20	10	20	0	349	0
0.2	0	0	21	1	5	0	349	0
0.201	0	0	21	2	11	0	349	0
0.202	0	0	21	3	8	0	349	0
0.203	0	0	21	4	12	0	349	0
0.204	0	0	21	5	15	0	349	0
0.205	0	0	21	6	20	0	349	0
0.206	0	0	21	7	5	0	349	0
0.213	0	0	22	4	11	0	349	0
0.214	0	0	22	5	8	0	349	0
0.215	0	0	22	6	12	0	349	0
0.216	0	0	22	7	15	0	349	0
0.217	0	0	22	8	20	0	349	0
0.218	0	0	22	9	5	0	349	0
0.219	0	0	22	10	11	0	349	0
0.22	0	0	23	1	8	0	349	0
0.221	0	0	23	2	12	0	349	0
0.222	0	0	23	3	15	0	349	0
0.223	0	0	23	4	20	0	349	0
0.224	0	0	23	5	5	0	349	0
0.231	0	0	24	2	11	0	349	0
0.232	0	0	24	3	8	0	349	0
0.233	0	0	24	4	12	0	349	0
0.234	0	0	24	5	15	0	349	0
0.235	0	0	24	6	20	0	349	0
0.236	0	0	24	7	5	0	349	0
0.237	0	0	24	8	11	0	349	0
0.238	0	0	24	9	8	0	349	0
0.239	0	0	24	10	12	0	349	0
0.24	0	0	25	1	15	0	349	0
0.241	0	0	25	2	20	0	349	0
0.242	0	0	25	3	5	0	349	0
0.249	0	0	25	10	11	0	349	0
0.25	0	0	26	1	4	0	349	0
0.251	0	0	26	2	8	0	349	0
0.252	0	0	26	3	12	0	349	0
0.253	0	0	26	4	15	0	349	0
0.254	0	0	26	5	20	0	349	0
0.255	0	0	26	6	5	0	349	0
0.256	0	0	26	7	11	0	349	0
0.257	0	0	26	8	8	0	349	0
0.258	0	0	26	9	12	0	349	0
0.259	0	0	26	10	15	0	349	0
0.26	0	0	27	1	20	0	349	0
0.261	0	0	27	2	5	0	349	0
0.268	0	0	27	9	11	0	349	0
0.269	0	0	27	10	8	0	349	0
0.27	0	0	28	1	12	0	349	0
0.271	0	0	28	2	15	0	349	0
0.272	0	0	28	3	20	0	349	0
0.273	0	0	28	4	5	0	349	0
0.274	0	0	28	5	11	0	349	0
0.275	0	0	28	6	8	0	349	0
0.276	0	0	28	7	12	0	349	0
0.277	0	0	28	8	4	0	349	0
0.278	0	0	28	9	15	0	349	0
0.279	0	0	28	10	20	0	349	0
0.28	0	0	29	1	5	0	349	0
0.282	0	0	29	3	4	0	349	0
0.288	0	0	29	9	11	0	349	0
0.289	0	0	29	10	8	0	349	0
0.29	0	0	30	1	12	0	349	0
0.291	0	0	30	2	15	0	349	0
0.292	0	0	30	3	20	0	349	0
0.293	0	0	30	4	5	0	349	0
0.294	0	0	30	5	11	0	349	0
0.295	0	0	30	6	8	0	349	0
0.296	0	0	30	7	12	0	349	0
0.297	0	0	30	8	15	0	349	0
0.298	0	0	30	9	20	0	349	0
0.299	0	0	30	10	5	0	349	0
0.306	0	0	31	7	11	0	349	0
0.307	0	0	31	8	8	0	349	0
0.308	0	0	31	9	12	0	349	0
0.309	0	0	31	10	15	0	349	0
0.31	0	0	32	1	20	0	349	0
0.311	0	0	32	2	5	0	349	0
0.312	0	0	32	3	11	0	349	0
0.313	0	0	32	4	8	0	349	0
0.314	0	0	32	5	12	0	349	0
0.315	0	0	32	6	15	0	349	0
0.316	0	0	32	7	20	0	349	0
0.317	0	0	32	8	5	0	349	0
0.324	0	0	33	5	4	26	7708	0
0.325	0	0	33	6	11	0	349	0
0.326	0	0	33	7	8	0	349	0
0.327	0	0	33	8	12	0	349	0
0.328	0	0	33	9	15	0	349	0
0.329	0	0	33	10	20	0	349	0
0.33	0	0	34	1	4	26	7708	0
0.331	0	0	34	2	5	26	7708	0
0.332	0	0	34	3	11	26	7708	0
0.333	0	0	34	4	8	26	7708	0
0.334	0	0	34	5	12	24	6882	0
0.335	0	0	34	6	15	26	7708	0
0.336	0	0	34	7	20	0	349	0
0.337	0	0	34	8	5	26	7708	0
0.344	0	0	35	5	11	26	7708	0
0.345	0	0	35	6	10	28	9422	0
0.346	0	0	35	7	8	26	7708	0
0.347	0	0	35	8	12	24	6882	0
0.348	0	0	35	9	15	26	7708	0
0.349	0	0	35	10	20	28	9422	0
0.35	0	0	36	1	4	26	7708	0
0.351	0	0	36	2	4	26	7708	0
0.352	0	0	36	3	5	26	7708	0
0.359	0	0	36	10	5	26	7708	0
0.367	0	0	37	8	11	26	7708	0
0.368	0	0	37	9	8	26	7708	0
0.369	0	0	37	10	12	24	6882	0
0.37	0	0	38	1	15	26	7708	0
0.371	0	0	38	2	20	28	9422	0
0.372	0	0	38	3	5	26	7708	0
0.373	0	0	38	4	11	26	7708	0
0.374	0	0	38	5	8	26	7708	0
0.375	0	0	38	6	12	24	6882	0
0.376	0	0	38	7	15	26	7708	0
0.377	0	0	38	8	20	28	9422	0
0.378	0	0	38	9	4	26	7708	0
0.379	0	0	38	10	4	26	7708	0
0.388	0	0	39	9	11	26	7708	0
0.389	0	0	39	10	8	26	7708	0
0.39	0	0	40	1	12	24	6882	0
0.391	0	0	40	2	15	26	7708	0
0.393	0	0	40	4	20	28	9422	0
0.394	0	0	40	5	5	26	7708	0
0.395	0	0	40	6	11	26	7708	0
0.396	0	0	40	7	8	26	7708	0
0.397	0	0	40	8	12	24	6882	0
0.398	0	0	40	9	15	26	7708	0
0.399	0	0	40	10	20	28	9422	0
0.4	0	0	41	1	5	26	7708	0
0.406	0	0	41	7	4	26	7708	0
0.408	0	0	41	9	11	26	7708	0
0.409	0	0	41	10	8	26	7708	0
0.41	0	0	42	1	12	24	6882	0
0.411	0	0	42	2	15	26	7708	0
0.412	0	0	42	3	20	28	9422	0
0.413	0	0	42	4	4	26	7708	0
0.414	0	0	42	5	5	26	7708	0
0.415	0	0	42	6	11	26	7708	0
0.416	0	0	42	7	8	26	7708	0
0.417	0	0	42	8	12	24	6882	0
0.418	0	0	42	9	15	26	7708	0
0.421	0	0	43	2	5	26	7708	0
0.428	0	0	43	9	11	26	7708	0
0.429	0	0	43	10	8	26	7708	0
0.43	0	0	44	1	12	24	6882	0
0.431	0	0	44	2	15	26	7708	0
0.432	0	0	44	3	20	28	9422	0
0.433	0	0	44	4	5	26	7708	0
0.434	0	0	44	5	11	26	7708	0
0.435	0	0	44	6	8	26	7708	0
0.436	0	0	44	7	12	24	6882	0
0.437	0	0	44	8	15	26	7708	0
0.438	0	0	44	9	20	28	9422	0
0.439	0	0	44	10	4	26	7708	0
0.44	0	0	45	1	4	26	7708	0
0.446	0	0	45	7	4	26	7708	0
0.449	0	0	45	10	11	26	7708	0
0.45	0	0	46	1	8	26	7708	0
0.451	0	0	46	2	12	24	6882	0
0.452	0	0	46	3	15	26	7708	0
0.453	0	0	46	4	20	28	9422	0
0.455	0	0	46	6	5	26	7708	0
0.456	0	0	46	7	21	28	9422	0
0.46	0	0	47	1	4	26	7708	0
0.461	0	0	47	2	21	28	9422	0
0.467	0	0	47	8	4	26	7708	0
0.472	0	0	48	3	11	26	7708	0
0.473	0	0	48	4	8	26	7708	0
0.474	0	0	48	5	12	24	6882	0
0.475	0	0	48	6	15	26	7708	0
0.476	0	0	48	7	21	28	9422	0
0.477	0	0	48	8	20	28	9422	0
0.478	0	0	48	9	5	26	7708	0
0.479	0	0	48	10	11	26	7708	0
0.48	0	0	49	1	8	26	7708	0
0.481	0	0	49	2	21	28	9422	0
0.482	0	0	49	3	21	28	9422	0
0.494	0	0	50	5	11	26	7708	0
0.495	0	0	50	6	4	26	7708	0
0.496	0	0	50	7	21	28	9422	0
0.497	0	0	50	8	8	26	7708	0
0.498	0	0	50	9	12	24	6882	0
0.499	0	0	50	10	15	26	7708	0
0.5	0	0	51	1	20	28	9422	0
0.501	0	0	51	2	4	26	7708	0
0.502	0	0	51	3	5	26	7708	0
0.504	0	0	51	5	8	26	7708	0
0.505	0	0	51	6	12	24	6882	0
0.506	0	0	51	7	15	26	7708	0
0.507	0	0	51	8	20	28	9422	0
0.508	0	0	51	9	18	28	9422	0
