% time	cellId	IMSI	RNTI	layer	mcs	size	rv	ndi	correct	ccId
126	1	0	5	0	0	349	0	1	1	0
127	1	0	11	0	0	349	0	1	1	0
128	1	0	8	0	0	349	0	1	1	0
129	1	0	12	0	0	349	0	1	1	0
130	1	0	15	0	0	349	0	1	1	0
131	1	0	20	0	0	349	0	1	1	0
139	1	0	3	0	0	349	0	1	1	0
140	1	0	4	0	0	349	0	1	1	0
141	1	0	7	0	0	349	0	1	1	0
142	1	0	9	0	0	349	0	1	1	0
143	1	0	10	0	0	349	0	1	1	0
144	1	0	19	0	0	349	0	1	1	0
145	1	0	11	0	0	349	0	1	1	0
146	1	0	8	0	0	349	0	1	1	0
147	1	0	12	0	0	349	0	1	1	0
148	1	0	2	0	0	349	0	1	1	0
149	1	0	18	0	0	349	0	1	1	0
150	1	0	15	0	0	349	0	1	1	0
151	1	0	20	0	0	349	0	1	1	0
152	1	0	5	0	0	349	0	1	1	0
165	1	0	11	0	0	349	0	1	1	0
166	1	0	8	0	0	349	0	1	1	0
167	1	0	12	0	0	349	0	1	1	0
168	1	0	15	0	0	349	0	1	1	0
169	1	0	20	0	0	349	0	1	1	0
170	1	0	5	0	0	349	0	1	1	0
183	1	0	11	0	0	349	0	1	1	0
184	1	0	8	0	0	349	0	1	1	0
185	1	0	12	0	0	349	0	1	1	0
186	1	0	15	0	0	349	0	1	1	0
187	1	0	20	0	0	349	0	1	1	0
188	1	0	5	0	0	349	0	1	1	0
201	1	0	11	0	0	349	0	1	1	0
202	1	0	8	0	0	349	0	1	1	0
203	1	0	12	0	0	349	0	1	1	0
204	1	0	15	0	0	349	0	1	1	0
205	1	0	20	0	0	349	0	1	1	0
206	1	0	5	0	0	349	0	1	1	0
219	1	0	11	0	0	349	0	1	1	0
220	1	0	8	0	0	349	0	1	1	0
221	1	0	12	0	0	349	0	1	1	0
222	1	0	15	0	0	349	0	1	1	0
223	1	0	20	0	0	349	0	1	1	0
224	1	0	5	0	0	349	0	1	1	0
237	1	0	11	0	0	349	0	1	1	0
238	1	0	8	0	0	349	0	1	1	0
239	1	0	12	0	0	349	0	1	1	0
240	1	0	15	0	0	349	0	1	1	0
241	1	0	20	0	0	349	0	1	1	0
242	1	0	5	0	0	349	0	1	1	0
255	1	0	11	0	0	349	0	1	1	0
256	1	0	4	0	0	349	0	1	1	0
257	1	0	8	0	0	349	0	1	1	0
258	1	0	12	0	0	349	0	1	1	0
259	1	0	15	0	0	349	0	1	1	0
260	1	0	20	0	0	349	0	1	1	0
261	1	0	5	0	0	349	0	1	1	0
274	1	0	11	0	0	349	0	1	1	0
275	1	0	8	0	0	349	0	1	1	0
276	1	0	12	0	0	349	0	1	1	0
277	1	0	15	0	0	349	0	1	1	0
278	1	0	20	0	0	349	0	1	1	0
279	1	0	5	0	0	349	0	1	1	0
283	1	0	4	0	0	349	0	1	1	0
294	1	0	11	0	0	349	0	1	1	0
295	1	0	8	0	0	349	0	1	1	0
296	1	0	12	0	0	349	0	1	1	0
297	1	0	15	0	0	349	0	1	1	0
298	1	0	20	0	0	349	0	1	1	0
299	1	0	5	0	0	349	0	1	1	0
312	1	0	11	0	0	349	0	1	1	0
313	1	0	8	0	0	349	0	1	1	0
314	1	0	12	0	0	349	0	1	1	0
315	1	0	15	0	0	349	0	1	1	0
316	1	0	20	0	0	349	0	1	1	0
317	1	0	5	0	0	349	0	1	1	0
330	1	0	4	0	26	7708	0	1	1	0
331	1	0	11	0	0	349	0	1	1	0
332	1	0	8	0	0	349	0	1	1	0
333	1	0	12	0	0	349	0	1	1	0
334	1	0	15	0	0	349	0	1	1	0
335	1	0	20	0	0	349	0	1	1	0
337	1	0	5	0	26	7708	0	1	1	0
350	1	0	11	0	26	7708	0	1	1	0
351	1	0	10	0	28	9422	0	1	1	0
352	1	0	8	0	26	7708	0	1	1	0
353	1	0	12	0	24	6882	0	1	1	0
354	1	0	15	0	26	7708	0	1	1	0
355	1	0	20	0	28	9422	0	1	1	0
356	1	0	4	0	26	7708	0	1	1	0
358	1	0	5	0	26	7708	0	1	1	0
373	1	0	11	0	26	7708	0	1	1	0
374	1	0	8	0	26	7708	0	1	1	0
375	1	0	12	0	24	6882	0	1	1	0
376	1	0	15	0	26	7708	0	1	1	0
377	1	0	20	0	28	9422	0	1	1	0
378	1	0	5	0	26	7708	0	1	1	0
384	1	0	4	0	26	7708	0	1	1	0
394	1	0	11	0	26	7708	0	1	1	0
395	1	0	8	0	26	7708	0	1	1	0
396	1	0	12	0	24	6882	0	1	1	0
397	1	0	15	0	26	7708	0	1	1	0
399	1	0	20	0	28	9422	0	1	1	0
400	1	0	5	0	26	7708	0	1	1	0
412	1	0	4	0	26	7708	0	1	1	0
414	1	0	11	0	26	7708	0	1	1	0
415	1	0	8	0	26	7708	0	1	1	0
416	1	0	12	0	24	6882	0	1	1	0
417	1	0	15	0	26	7708	0	1	1	0
418	1	0	20	0	28	9422	0	1	1	0
420	1	0	5	0	26	7708	0	1	1	0
434	1	0	11	0	26	7708	0	1	1	0
435	1	0	8	0	26	7708	0	1	1	0
436	1	0	12	0	24	6882	0	1	1	0
437	1	0	15	0	26	7708	0	1	1	0
438	1	0	20	0	28	9422	0	1	1	0
439	1	0	5	0	26	7708	0	1	1	0
445	1	0	4	0	26	7708	0	1	1	0
455	1	0	11	0	26	7708	0	1	1	0
456	1	0	8	0	26	7708	0	1	1	0
457	1	0	12	0	24	6882	0	1	1	0
458	1	0	15	0	26	7708	0	1	1	0
459	1	0	20	0	28	9422	0	1	1	0
461	1	0	5	0	26	7708	0	1	1	0
462	1	0	21	0	28	9422	0	1	1	0
466	1	0	4	0	26	7708	0	1	1	0
478	1	0	11	0	26	7708	0	1	1	0
479	1	0	8	0	26	7708	0	1	1	0
480	1	0	12	0	24	6882	0	1	1	0
481	1	0	15	0	26	7708	0	1	1	0
482	1	0	21	0	28	9422	0	1	1	0
483	1	0	20	0	28	9422	0	1	1	0
484	1	0	5	0	26	7708	0	1	1	0
500	1	0	11	0	26	7708	0	1	1	0
501	1	0	4	0	26	7708	0	1	1	0
502	1	0	21	0	28	9422	0	1	1	0
503	1	0	8	0	26	7708	0	1	1	0
504	1	0	12	0	24	6882	0	1	1	0
505	1	0	15	0	26	7708	0	1	1	0
506	1	0	20	0	28	9422	0	1	1	0
508	1	0	5	0	26	7708	0	1	1	0
