% time	cellId	IMSI	RNTI	layer	mcs	size	rv	ndi	ccId
126	1	0	5	0	0	349	0	1	0
127	1	0	11	0	0	349	0	1	0
128	1	0	8	0	0	349	0	1	0
129	1	0	12	0	0	349	0	1	0
130	1	0	15	0	0	349	0	1	0
131	1	0	20	0	0	349	0	1	0
132	1	0	5	0	0	349	0	1	0
133	1	0	11	0	0	349	0	1	0
134	1	0	8	0	0	349	0	1	0
135	1	0	12	0	0	349	0	1	0
136	1	0	15	0	0	349	0	1	0
137	1	0	20	0	0	349	0	1	0
139	1	0	3	0	0	349	0	1	0
140	1	0	4	0	0	349	0	1	0
141	1	0	7	0	0	349	0	1	0
142	1	0	9	0	0	349	0	1	0
143	1	0	10	0	0	349	0	1	0
144	1	0	19	0	0	349	0	1	0
145	1	0	11	0	0	349	0	1	0
146	1	0	8	0	0	349	0	1	0
147	1	0	12	0	0	349	0	1	0
148	1	0	2	0	0	349	0	1	0
149	1	0	18	0	0	349	0	1	0
150	1	0	15	0	0	349	0	1	0
151	1	0	20	0	0	349	0	1	0
152	1	0	5	0	0	349	0	1	0
156	1	0	15	0	0	349	0	1	0
157	1	0	20	0	0	349	0	1	0
158	1	0	5	0	0	349	0	1	0
165	1	0	11	0	0	349	0	1	0
166	1	0	8	0	0	349	0	1	0
167	1	0	12	0	0	349	0	1	0
168	1	0	15	0	0	349	0	1	0
169	1	0	20	0	0	349	0	1	0
170	1	0	5	0	0	349	0	1	0
171	1	0	11	0	0	349	0	1	0
172	1	0	8	0	0	349	0	1	0
173	1	0	12	0	0	349	0	1	0
174	1	0	15	0	0	349	0	1	0
175	1	0	20	0	0	349	0	1	0
176	1	0	5	0	0	349	0	1	0
183	1	0	11	0	0	349	0	1	0
184	1	0	8	0	0	349	0	1	0
185	1	0	12	0	0	349	0	1	0
186	1	0	15	0	0	349	0	1	0
187	1	0	20	0	0	349	0	1	0
188	1	0	5	0	0	349	0	1	0
189	1	0	11	0	0	349	0	1	0
190	1	0	8	0	0	349	0	1	0
191	1	0	12	0	0	349	0	1	0
192	1	0	15	0	0	349	0	1	0
193	1	0	20	0	0	349	0	1	0
194	1	0	5	0	0	349	0	1	0
201	1	0	11	0	0	349	0	1	0
202	1	0	8	0	0	349	0	1	0
203	1	0	12	0	0	349	0	1	0
204	1	0	15	0	0	349	0	1	0
205	1	0	20	0	0	349	0	1	0
206	1	0	5	0	0	349	0	1	0
207	1	0	11	0	0	349	0	1	0
208	1	0	8	0	0	349	0	1	0
209	1	0	12	0	0	349	0	1	0
210	1	0	15	0	0	349	0	1	0
211	1	0	20	0	0	349	0	1	0
212	1	0	5	0	0	349	0	1	0
219	1	0	11	0	0	349	0	1	0
220	1	0	8	0	0	349	0	1	0
221	1	0	12	0	0	349	0	1	0
222	1	0	15	0	0	349	0	1	0
223	1	0	20	0	0	349	0	1	0
224	1	0	5	0	0	349	0	1	0
225	1	0	11	0	0	349	0	1	0
226	1	0	8	0	0	349	0	1	0
227	1	0	12	0	0	349	0	1	0
228	1	0	15	0	0	349	0	1	0
229	1	0	20	0	0	349	0	1	0
230	1	0	5	0	0	349	0	1	0
237	1	0	11	0	0	349	0	1	0
238	1	0	8	0	0	349	0	1	0
239	1	0	12	0	0	349	0	1	0
240	1	0	15	0	0	349	0	1	0
241	1	0	20	0	0	349	0	1	0
242	1	0	5	0	0	349	0	1	0
243	1	0	11	0	0	349	0	1	0
244	1	0	8	0	0	349	0	1	0
245	1	0	12	0	0	349	0	1	0
246	1	0	15	0	0	349	0	1	0
247	1	0	20	0	0	349	0	1	0
248	1	0	5	0	0	349	0	1	0
255	1	0	11	0	0	349	0	1	0
256	1	0	4	0	0	349	0	1	0
257	1	0	8	0	0	349	0	1	0
258	1	0	12	0	0	349	0	1	0
259	1	0	15	0	0	349	0	1	0
260	1	0	20	0	0	349	0	1	0
261	1	0	5	0	0	349	0	1	0
262	1	0	11	0	0	349	0	1	0
263	1	0	8	0	0	349	0	1	0
264	1	0	12	0	0	349	0	1	0
265	1	0	15	0	0	349	0	1	0
266	1	0	20	0	0	349	0	1	0
267	1	0	5	0	0	349	0	1	0
274	1	0	11	0	0	349	0	1	0
275	1	0	8	0	0	349	0	1	0
276	1	0	12	0	0	349	0	1	0
277	1	0	15	0	0	349	0	1	0
278	1	0	20	0	0	349	0	1	0
279	1	0	5	0	0	349	0	1	0
280	1	0	11	0	0	349	0	1	0
281	1	0	8	0	0	349	0	1	0
282	1	0	12	0	0	349	0	1	0
283	1	0	4	0	0	349	0	1	0
284	1	0	15	0	0	349	0	1	0
285	1	0	20	0	0	349	0	1	0
286	1	0	5	0	0	349	0	1	0
288	1	0	4	0	0	349	0	1	0
294	1	0	11	0	0	349	0	1	0
295	1	0	8	0	0	349	0	1	0
296	1	0	12	0	0	349	0	1	0
297	1	0	15	0	0	349	0	1	0
298	1	0	20	0	0	349	0	1	0
299	1	0	5	0	0	349	0	1	0
300	1	0	11	0	0	349	0	1	0
301	1	0	8	0	0	349	0	1	0
302	1	0	12	0	0	349	0	1	0
303	1	0	15	0	0	349	0	1	0
304	1	0	20	0	0	349	0	1	0
305	1	0	5	0	0	349	0	1	0
312	1	0	11	0	0	349	0	1	0
313	1	0	8	0	0	349	0	1	0
314	1	0	12	0	0	349	0	1	0
315	1	0	15	0	0	349	0	1	0
316	1	0	20	0	0	349	0	1	0
317	1	0	5	0	0	349	0	1	0
318	1	0	11	0	0	349	0	1	0
319	1	0	8	0	0	349	0	1	0
320	1	0	12	0	0	349	0	1	0
321	1	0	15	0	0	349	0	1	0
322	1	0	20	0	0	349	0	1	0
323	1	0	5	0	0	349	0	1	0
330	1	0	4	0	26	7708	0	1	0
331	1	0	11	0	0	349	0	1	0
332	1	0	8	0	0	349	0	1	0
333	1	0	12	0	0	349	0	1	0
334	1	0	15	0	0	349	0	1	0
335	1	0	20	0	0	349	0	1	0
336	1	0	4	0	26	7708	0	1	0
337	1	0	5	0	26	7708	0	1	0
338	1	0	11	0	26	7708	0	1	0
339	1	0	8	0	26	7708	0	1	0
340	1	0	12	0	24	6882	0	1	0
341	1	0	15	0	26	7708	0	1	0
342	1	0	20	0	0	349	0	1	0
343	1	0	5	0	26	7708	0	1	0
350	1	0	11	0	26	7708	0	1	0
351	1	0	10	0	28	9422	0	1	0
352	1	0	8	0	26	7708	0	1	0
353	1	0	12	0	24	6882	0	1	0
354	1	0	15	0	26	7708	0	1	0
355	1	0	20	0	28	9422	0	1	0
356	1	0	4	0	26	7708	0	1	0
357	1	0	4	0	26	7708	0	1	0
358	1	0	5	0	26	7708	0	1	0
365	1	0	5	0	26	7708	0	1	0
373	1	0	11	0	26	7708	0	1	0
374	1	0	8	0	26	7708	0	1	0
375	1	0	12	0	24	6882	0	1	0
376	1	0	15	0	26	7708	0	1	0
377	1	0	20	0	28	9422	0	1	0
378	1	0	5	0	26	7708	0	1	0
379	1	0	11	0	26	7708	0	1	0
380	1	0	8	0	26	7708	0	1	0
381	1	0	12	0	24	6882	0	1	0
382	1	0	15	0	26	7708	0	1	0
383	1	0	20	0	28	9422	0	1	0
384	1	0	4	0	26	7708	0	1	0
385	1	0	4	0	26	7708	0	1	0
394	1	0	11	0	26	7708	0	1	0
395	1	0	8	0	26	7708	0	1	0
396	1	0	12	0	24	6882	0	1	0
397	1	0	15	0	26	7708	0	1	0
399	1	0	20	0	28	9422	0	1	0
400	1	0	5	0	26	7708	0	1	0
401	1	0	11	0	26	7708	0	1	0
402	1	0	8	0	26	7708	0	1	0
403	1	0	12	0	24	6882	0	1	0
404	1	0	15	0	26	7708	0	1	0
405	1	0	20	0	28	9422	0	1	0
406	1	0	5	0	26	7708	0	1	0
412	1	0	4	0	26	7708	0	1	0
414	1	0	11	0	26	7708	0	1	0
415	1	0	8	0	26	7708	0	1	0
416	1	0	12	0	24	6882	0	1	0
417	1	0	15	0	26	7708	0	1	0
418	1	0	20	0	28	9422	0	1	0
419	1	0	4	0	26	7708	0	1	0
420	1	0	5	0	26	7708	0	1	0
421	1	0	11	0	26	7708	0	1	0
422	1	0	8	0	26	7708	0	1	0
423	1	0	12	0	24	6882	0	1	0
424	1	0	15	0	26	7708	0	1	0
427	1	0	5	0	26	7708	0	1	0
434	1	0	11	0	26	7708	0	1	0
435	1	0	8	0	26	7708	0	1	0
436	1	0	12	0	24	6882	0	1	0
437	1	0	15	0	26	7708	0	1	0
438	1	0	20	0	28	9422	0	1	0
439	1	0	5	0	26	7708	0	1	0
440	1	0	11	0	26	7708	0	1	0
441	1	0	8	0	26	7708	0	1	0
442	1	0	12	0	24	6882	0	1	0
443	1	0	15	0	26	7708	0	1	0
444	1	0	20	0	28	9422	0	1	0
445	1	0	4	0	26	7708	0	1	0
446	1	0	4	0	26	7708	0	1	0
452	1	0	4	0	26	7708	0	1	0
455	1	0	11	0	26	7708	0	1	0
456	1	0	8	0	26	7708	0	1	0
457	1	0	12	0	24	6882	0	1	0
458	1	0	15	0	26	7708	0	1	0
459	1	0	20	0	28	9422	0	1	0
461	1	0	5	0	26	7708	0	1	0
462	1	0	21	0	28	9422	0	1	0
466	1	0	4	0	26	7708	0	1	0
467	1	0	21	0	28	9422	0	1	0
473	1	0	4	0	26	7708	0	1	0
478	1	0	11	0	26	7708	0	1	0
479	1	0	8	0	26	7708	0	1	0
480	1	0	12	0	24	6882	0	1	0
481	1	0	15	0	26	7708	0	1	0
482	1	0	21	0	28	9422	0	1	0
483	1	0	20	0	28	9422	0	1	0
484	1	0	5	0	26	7708	0	1	0
485	1	0	11	0	26	7708	0	1	0
486	1	0	8	0	26	7708	0	1	0
487	1	0	21	0	28	9422	0	1	0
488	1	0	21	0	28	9422	0	1	0
500	1	0	11	0	26	7708	0	1	0
501	1	0	4	0	26	7708	0	1	0
502	1	0	21	0	28	9422	0	1	0
503	1	0	8	0	26	7708	0	1	0
504	1	0	12	0	24	6882	0	1	0
505	1	0	15	0	26	7708	0	1	0
506	1	0	20	0	28	9422	0	1	0
507	1	0	4	0	26	7708	0	1	0
508	1	0	5	0	26	7708	0	1	0
510	1	0	8	0	26	7708	0	1	0
511	1	0	12	0	24	6882	0	1	0
512	1	0	15	0	26	7708	0	1	0
513	1	0	20	0	28	9422	0	1	0
