0.109268 5 3 4
0.109268 6 4 4
0.109268 11 5 4
0.109268 3 3 5
0.109268 8 4 5
0.109268 9 5 5
0.109268 2 4 6
0.109268 12 5 6
0.109268 1 2 7
0.109268 13 3 7
0.109268 10 2 8
0.209268 4 3 3
0.209268 8 4 3
0.209268 12 6 4
0.209268 7 4 7
0.209268 11 5 7
0.209268 2 3 8
0.209268 5 4 8
0.209268 14 5 8
0.209268 9 6 6
0.209268 10 6 5
0.209268 6 7 5
0.309268 7 7 4
0.309268 2 7 6
0.309268 3 8 6
0.309268 14 9 6
0.309268 4 8 5
0.309268 9 5 3
0.309268 11 6 3
0.409268 2 9 5
0.409268 5 8 4
0.409268 9 9 4
0.409268 14 10 4
0.409268 11 6 7
0.409268 7 7 3
0.409268 1 10 6
0.409268 4 11 6
0.409268 12 12 6
0.409268 13 13 6
0.409268 6 14 6
0.509268 12 6 8
0.509268 14 7 8
0.509268 11 11 4
0.509268 4 12 4
0.509268 8 7 7
0.509268 1 10 5
0.509268 7 11 5
0.509268 2 8 3
0.509268 5 9 3
0.509268 9 10 3
0.609268 3 12 5
0.609268 12 13 5
0.609268 6 8 8
0.609268 5 13 4
0.609268 13 14 4
0.609268 1 8 7
0.609268 14 9 7
0.609268 10 15 6
0.609268 4 11 3
0.609268 11 12 3
