% start	end	CellId	IMSI	RNTI	LCID	nTxPDUs	TxBytes	nRxPDUs	RxBytes	delay	stdDev	min	max	PduSize	stdDev	min	max
0.1	0.2	1	1	14	3	12	56997	6	56532	0.003	0	0.003	0.003	9422	0	9422	9422	
0.1	0.2	1	2	4	3	16	59626	6	49736	0.003	0	0.003	0.003	8289.33	2774.46	2626	9422	
0.1	0.2	5	3	3	3	12	56822	12	56729	0.00199464	0.0011922	0	0.003	4727.42	4903.34	13	9422	
0.1	0.2	2	4	1	3	205	181405	209	175277	0.000952014	0.000517607	0	0.003	838.646	1416.13	49	9422	
0.1	0.2	4	5	3	3	17	57338	6	56532	0.003	0	0.003	0.003	9422	0	9422	9422	
0.1	0.2	1	6	4	3	66	67448	57	66319	0.00160463	0.000905271	0.000760712	0.00383214	1163.49	2877.02	31	9422	
0.1	0.2	5	7	2	3	179	161146	196	164232	0.00092292	0.000541188	0	0.003	837.918	1596.57	41	9422	
0.1	0.2	5	8	4	3	18	57157	7	56563	0.00286633	0.000353667	0.00206428	0.003	8080.43	3549.46	31	9422	
0.1	0.2	5	9	5	3	13	53973	6	53670	0.003	0	0.003	0.003	8945	1168.41	6560	9422	
0.1	0.2	1	10	11	3	15	57477	6	56532	0.003	0	0.003	0.003	9422	0	9422	9422	
0.1	0.2	4	11	5	3	14	57023	6	56532	0.003	0	0.003	0.003	9422	0	9422	9422	
0.1	0.2	1	12	5	3	14	55703	6	54982	0.003	0	0.003	0.003	9163.67	632.785	7872	9422	
0.1	0.2	1	13	3	3	17	60043	7	59158	0.003	0	0.003	0.003	8451.14	2568.65	2626	9422	
0.1	0.2	6	14	3	3	116	74385	113	73821	0.00105044	0.000575177	0.000724998	0.003	653.283	2086.48	31	9422	
0.2	0.3	1	1	14	3	27	123571	14	122536	0.00298036	7.34971e-05	0.002725	0.003	8752.57	2504.77	50	9422	
0.2	0.3	1	2	4	3	45	130732	41	131313	0.00180418	0.00108443	0	0.003	3202.76	4308.59	31	9422	
0.2	0.3	5	3	8	3	73	126580	78	126741	0.00119716	0.000917494	0	0.003	1624.88	3509.6	13	9422	
0.2	0.3	1	4	1	3	243	257974	236	259576	0.00102927	0.000624285	0	0.003	1099.9	2058.03	49	9422	
0.2	0.3	8	5	7	3	36	124017	13	122486	0.003	0	0.003	0.003	9422	0	9422	9422	
0.2	0.3	1	6	7	3	84	133820	65	132544	0.00177379	0.000961518	0.000760712	0.00383214	2039.14	3733.09	31	9422	
0.2	0.3	7	7	9	3	214	236824	221	238142	0.00101415	0.000649193	0	0.003	1077.57	2136.62	18	9422	
0.2	0.3	1	8	13	3	167	140253	159	139900	0.00113448	0.000676075	0	0.003	879.874	2557.33	31	9422	
0.2	0.3	1	9	6	3	45	131181	26	120209	0.00195041	0.00108789	0.000760712	0.003	4623.42	4701.39	13	9422	
0.2	0.3	5	10	6	3	294	251106	289	249972	0.00106007	0.000619656	0	0.00383214	864.955	1871.68	24	9422	
0.2	0.3	7	11	5	3	30	123647	22	123055	0.0021474	0.00116857	0	0.003	5593.41	4709.72	13	9422	
0.2	0.3	1	12	5	3	157	190356	145	179916	0.00109719	0.000655967	0.000742855	0.003	1240.8	2546.48	97	9422	
0.2	0.3	1	13	3	3	35	126932	16	125322	0.00310402	0.00028423	0.003	0.00383214	7832.63	3458.14	105	9422	
0.2	0.3	8	14	10	3	134	141392	125	140908	0.00117488	0.00071646	0.000724998	0.003	1127.26	2838.03	31	9422	
0.3	0.4	1	1	14	3	38	189835	23	188645	0.00295792	0.000124078	0.002475	0.003	8201.96	3220.95	50	9422	
0.3	0.4	1	2	7	3	85	207543	70	206556	0.00163342	0.00105376	0	0.003	2950.8	4134.53	31	9422	
0.3	0.4	6	3	8	3	106	210024	106	198432	0.00133308	0.000999952	0	0.00383214	1872	3660.65	13	9422	
0.3	0.4	1	4	8	3	262	325188	243	325530	0.00108604	0.000698258	0	0.003	1339.63	2461.42	49	9422	
0.3	0.4	1	5	7	3	53	200338	20	188440	0.003	0	0.003	0.003	9422	0	9422	9422	
0.3	0.4	1	6	2	3	100	200719	72	198498	0.001893	0.000983462	0.000760712	0.00383214	2756.92	4172.94	31	9422	
0.3	0.4	4	7	7	3	232	303677	230	304178	0.00107681	0.000723694	0	0.003	1322.51	2542.3	18	9422	
0.3	0.4	1	8	13	3	230	213488	226	213295	0.00116999	0.000706501	0	0.003	943.783	2647.93	24	9422	
0.3	0.4	1	9	6	3	98	217496	76	216088	0.00157636	0.000955088	0.000742855	0.003	2843.26	4028.14	13	9422	
0.3	0.4	1	10	11	3	310	318005	296	315926	0.00110595	0.000679743	0	0.00383214	1067.32	2261.96	24	9422	
0.3	0.4	3	11	6	3	49	190529	36	189596	0.00256438	0.00109441	0	0.00433214	5266.56	4711.89	13	9422	
0.3	0.4	4	12	6	3	233	278310	223	277389	0.00116641	0.000711116	0.000742855	0.00333214	1243.9	2625.31	97	9422	
0.3	0.4	1	13	3	3	51	193721	26	191536	0.00288667	0.000598479	0.000724998	0.00383214	7366.77	3854.47	50	9422	
0.3	0.4	1	14	9	3	193	227062	182	224859	0.00130084	0.000808629	0.000724998	0.00333214	1235.49	2887.69	31	9422	
0.4	0.5	6	1	14	3	57	256129	32	254754	0.00289341	0.000311366	0.001725	0.003	7961.06	3449.25	50	9422	
0.4	0.5	1	2	9	3	196	287576	178	286412	0.00131491	0.000925826	0	0.00383214	1609.06	3320.59	31	9422	
0.4	0.5	1	3	8	3	154	287223	171	287065	0.00122383	0.000984724	0	0.00383214	1678.74	3439.59	13	9422	
0.4	0.5	1	4	11	3	384	401771	365	402113	0.00105169	0.000654216	0	0.003	1101.68	2391.48	13	9422	
0.4	0.5	1	5	7	3	70	266826	28	263816	0.003	0	0.003	0.003	9422	0	9422	9422	
0.4	0.5	6	6	14	3	116	266844	79	264452	0.00199109	0.000990267	0.000760712	0.00383214	3347.49	4414.09	31	9422	
0.4	0.5	1	7	9	3	251	379621	237	370132	0.00113362	0.000784005	0	0.003	1561.74	2856.55	18	9422	
0.4	0.5	3	8	4	3	278	286693	270	285416	0.00119874	0.000737954	0	0.003	1057.1	2793.93	24	9422	
0.4	0.5	1	9	6	3	115	283929	84	282073	0.0017091	0.000997131	0.000742855	0.003	3358.01	4259.01	13	9422	
0.4	0.5	1	10	11	3	326	384739	303	381880	0.0011497	0.000729775	0	0.00383214	1260.33	2564.84	24	9422	
0.4	0.5	7	11	6	3	68	257743	55	256810	0.00258734	0.00092699	0	0.00433214	4669.27	4710.15	13	9422	
0.4	0.5	1	12	5	3	249	344417	230	343343	0.00122222	0.00076803	0.000742855	0.00333214	1492.8	2943.43	97	9422	
0.4	0.5	1	13	13	3	71	260082	34	257595	0.00293781	0.000546319	0.000724998	0.00383214	7576.32	3701.89	50	9422	
0.4	0.5	1	14	10	3	212	302912	189	290813	0.00136377	0.000856185	0.000724998	0.00333214	1538.69	3229.74	31	9422	
0.5	0.6	5	1	10	3	75	323018	39	320708	0.00291254	0.000284266	0.001725	0.003	8223.28	3166.75	50	9422	
0.5	0.6	3	2	8	3	411	447613	410	446780	0.00108358	0.000734541	0	0.00383214	1089.71	2519.47	18	9422	
0.5	0.6	6	3	8	3	296	383419	322	385242	0.00113275	0.000865382	0	0.00383214	1196.4	2879.4	13	9422	
0.5	0.6	4	4	12	3	401	468390	372	468067	0.00108835	0.00070014	0	0.003	1258.24	2625.43	13	9422	
0.5	0.6	1	5	7	3	89	333145	35	329770	0.003	0	0.003	0.003	9422	0	9422	9422	
0.5	0.6	1	6	2	3	130	333258	86	330406	0.00207321	0.000988369	0.000760712	0.00383214	3841.93	4546.54	31	9422	
0.5	0.6	1	7	9	3	355	504852	345	504543	0.00111186	0.000777765	0	0.00383214	1462.44	2705.63	18	9422	
0.5	0.6	7	8	7	3	326	358234	308	356443	0.0012149	0.00075409	0	0.003	1157.28	2916.54	24	9422	
0.5	0.6	3	9	10	3	412	491524	394	494453	0.00107932	0.0007019	0	0.00383214	1254.96	2540.35	13	9422	
0.5	0.6	1	10	11	3	346	461210	310	447834	0.00119148	0.000772213	0	0.00383214	1444.63	2811.47	24	9422	
0.5	0.6	1	11	12	3	88	333994	62	322764	0.00263393	0.000882063	0	0.00433214	5205.87	4683.92	13	9422	
0.5	0.6	8	12	6	3	268	411246	237	409297	0.00127473	0.000814463	0.000742855	0.00333214	1726.99	3196.34	97	9422	
0.5	0.6	1	13	3	3	87	326596	41	323549	0.00294843	0.000496784	0.000724998	0.00383214	7891.44	3435.13	50	9422	
0.5	0.6	1	14	10	3	229	369531	197	366189	0.00143022	0.000898871	0.000724998	0.00333214	1858.83	3526.9	31	9422	
0.6	0.7	1	1	14	3	95	399269	46	386662	0.00292585	0.000263146	0.001725	0.003	8405.7	2942.42	50	9422	
0.6	0.7	3	2	8	3	742	716456	769	724060	0.000989028	0.000611683	0	0.00383214	941.56	2035.93	18	9422	
0.6	0.7	1	3	12	3	318	451061	334	452110	0.00118307	0.000903985	0	0.00383214	1353.62	3066.78	13	9422	
0.6	0.7	3	4	11	3	420	534608	379	534021	0.00112366	0.000739961	0	0.003	1409.03	2824.3	13	9422	
0.6	0.7	4	5	13	3	108	399854	42	395724	0.003	0	0.003	0.003	9422	0	9422	9422	
0.6	0.7	8	6	8	3	150	400577	105	397620	0.00205983	0.000966437	0.000760712	0.00383214	3786.86	4538.57	31	9422	
0.6	0.7	1	7	9	3	365	571121	361	571442	0.00113321	0.000818902	0	0.00383214	1582.94	2873.75	18	9422	
0.6	0.7	1	8	13	3	343	434555	315	422397	0.00125457	0.000790844	0	0.003	1340.94	3131.37	24	9422	
0.6	0.7	3	9	10	3	670	658349	658	662634	0.00100926	0.000609289	0	0.00383214	1007.04	2191.29	13	9422	
0.6	0.7	6	10	15	3	678	1013196	642	1004621	0.00107781	0.000626942	0	0.00383214	1564.83	2156.64	24	9422	
0.6	0.7	1	11	12	3	107	400212	74	398201	0.00264995	0.000827141	0	0.00433214	5381.09	4661.1	13	9422	
0.6	0.7	5	12	13	3	285	477865	244	475251	0.00132422	0.000852951	0.000742855	0.00333214	1947.75	3402.8	97	9422	
0.6	0.7	4	13	14	3	108	393635	56	390123	0.00277417	0.000729191	0	0.00383214	6966.48	4109.77	50	9422	
0.6	0.7	1	14	9	3	246	436150	204	432143	0.00148408	0.000928529	0.000724998	0.00333214	2118.35	3730.27	31	9422	
