0.109768 5 3 4
0.109768 6 4 4
0.109768 11 5 4
0.109768 3 3 5
0.109768 8 4 5
0.109768 9 5 5
0.109768 2 4 6
0.109768 12 5 6
0.109768 1 2 7
0.109768 13 3 7
0.109768 10 2 8
0.209768 4 3 3
0.209768 8 4 3
0.209768 12 6 4
0.209768 7 4 7
0.209768 11 5 7
0.209768 2 3 8
0.209768 5 4 8
0.209768 14 5 8
0.209768 9 6 6
0.209768 10 6 5
0.209768 6 7 5
0.309768 7 7 4
0.309768 2 7 6
0.309768 3 8 6
0.309768 14 9 6
0.309768 4 8 5
0.309768 9 5 3
0.309768 11 6 3
0.409768 2 9 5
0.409768 5 8 4
0.409768 9 9 4
0.409768 14 10 4
0.409768 11 6 7
0.409768 7 7 3
0.409768 1 10 6
0.409768 4 11 6
0.409768 12 12 6
0.409768 13 13 6
0.409768 6 14 6
0.509768 12 6 8
0.509768 14 7 8
0.509768 11 11 4
0.509768 4 12 4
0.509768 8 7 7
0.509768 1 10 5
0.509768 7 11 5
0.509768 2 8 3
0.509768 5 9 3
0.509768 9 10 3
0.609768 3 12 5
0.609768 12 13 5
0.609768 6 8 8
0.609768 5 13 4
0.609768 13 14 4
0.609768 1 8 7
0.609768 14 9 7
0.609768 10 15 6
0.609768 4 11 3
0.609768 11 12 3
