0.108 1 1 3 7
0.108 3 1 6 5
0.108 5 1 5 4
0.108 6 2 2 4
0.108 8 1 4 5
0.108 9 1 8 5
0.108 11 1 7 4
0.108 2 2 3 6
0.108 10 2 6 8
0.108 13 3 2 7
0.108 12 2 4 6
0.208 2 4 6 8
0.208 4 1 2 3
0.208 5 3 4 8
0.208 7 2 5 7
0.208 10 2 8 5
0.208 12 5 6 4
0.208 6 4 4 5
0.208 8 4 5 3
0.208 11 5 4 7
0.208 9 5 5 6
0.208 14 3 6 8
0.308 2 3 8 6
0.308 3 3 5 6
0.308 4 3 3 5
0.308 7 4 7 4
0.308 9 6 6 3
0.308 11 5 7 3
0.308 14 5 8 6
0.408 1 2 7 6
0.408 2 7 6 5
0.408 4 8 5 6
0.408 5 4 8 4
0.408 7 7 4 3
0.408 9 5 3 4
0.408 14 9 6 4
0.408 12 6 4 6
0.408 11 6 3 7
0.408 13 3 7 6
0.408 6 7 5 6
0.508 1 10 6 5
0.508 2 9 5 3
0.508 5 8 4 3
0.508 7 7 3 5
0.508 11 6 7 4
0.508 4 11 6 4
0.508 8 4 3 7
0.508 12 12 6 8
0.508 14 10 4 8
0.508 9 9 4 3
0.608 1 10 5 7
0.608 3 8 6 5
0.608 4 12 4 3
0.608 5 9 3 4
0.608 12 6 8 5
0.608 10 6 5 6
0.608 6 14 6 8
0.608 14 7 8 7
0.608 13 13 6 4
0.608 11 11 4 3
