0.1085 1 1 3 7
0.1085 3 1 6 5
0.1085 5 1 5 4
0.1085 6 2 2 4
0.1085 8 1 4 5
0.1085 9 1 8 5
0.1085 11 1 7 4
0.1085 2 2 3 6
0.1085 10 2 6 8
0.1085 13 3 2 7
0.1085 12 2 4 6
0.2085 2 4 6 8
0.2085 4 1 2 3
0.2085 5 3 4 8
0.2085 7 2 5 7
0.2085 10 2 8 5
0.2085 12 5 6 4
0.2085 6 4 4 5
0.2085 8 4 5 3
0.2085 11 5 4 7
0.2085 9 5 5 6
0.2085 14 3 6 8
0.3085 2 3 8 6
0.3085 3 3 5 6
0.3085 4 3 3 5
0.3085 7 4 7 4
0.3085 9 6 6 3
0.3085 11 5 7 3
0.3085 14 5 8 6
0.4085 1 2 7 6
0.4085 2 7 6 5
0.4085 4 8 5 6
0.4085 5 4 8 4
0.4085 7 7 4 3
0.4085 9 5 3 4
0.4085 14 9 6 4
0.4085 12 6 4 6
0.4085 11 6 3 7
0.4085 13 3 7 6
0.4085 6 7 5 6
0.5085 1 10 6 5
0.5085 2 9 5 3
0.5085 5 8 4 3
0.5085 7 7 3 5
0.5085 11 6 7 4
0.5085 4 11 6 4
0.5085 8 4 3 7
0.5085 12 12 6 8
0.5085 14 10 4 8
0.5085 9 9 4 3
0.6085 1 10 5 7
0.6085 3 8 6 5
0.6085 4 12 4 3
0.6085 5 9 3 4
0.6085 12 6 8 5
0.6085 10 6 5 6
0.6085 6 14 6 8
0.6085 14 7 8 7
0.6085 13 13 6 4
0.6085 11 11 4 3
